# unix_time, cycles_done, cur_path, paths_total, pending_total, pending_favs, map_size, unique_crashes, unique_hangs, max_depth, execs_per_sec
1555602670, 0, 0, 6, 6, 1, 0.49%, 0, 0, 1, 750.00
1555602675, 0, 0, 64, 64, 1, 0.88%, 0, 0, 2, 783.60
1555602680, 0, 0, 80, 80, 1, 1.03%, 0, 0, 2, 788.78
1555602685, 0, 0, 92, 92, 1, 1.05%, 0, 0, 2, 760.96
1555602690, 0, 0, 98, 98, 1, 1.05%, 0, 0, 2, 755.92
1555602695, 0, 0, 102, 102, 1, 1.06%, 0, 0, 2, 751.95
1555602701, 0, 0, 106, 106, 1, 1.07%, 0, 0, 2, 792.46
1555602706, 0, 0, 109, 109, 1, 1.07%, 0, 0, 2, 801.68
1555602711, 0, 0, 113, 113, 1, 1.08%, 0, 0, 2, 792.46
1555602716, 0, 6, 115, 114, 33, 1.08%, 0, 0, 3, 797.37
1555602721, 0, 6, 118, 117, 33, 1.66%, 0, 0, 3, 795.49
1555602726, 0, 6, 119, 118, 33, 1.66%, 0, 0, 3, 788.36
1555602732, 0, 6, 121, 120, 33, 1.68%, 0, 0, 3, 784.03
1555602737, 0, 6, 123, 122, 33, 1.69%, 0, 0, 3, 784.55
1555602747, 0, 6, 127, 126, 33, 2.02%, 0, 0, 3, 758.72
1555602752, 0, 6, 130, 129, 33, 2.06%, 0, 0, 3, 749.77
1555602757, 0, 7, 136, 134, 43, 2.11%, 0, 0, 3, 785.51
1555602762, 0, 8, 158, 155, 66, 2.19%, 0, 0, 3, 791.01
1555602768, 0, 29, 158, 153, 64, 2.19%, 0, 0, 3, 777.95
1555602773, 0, 35, 158, 152, 63, 2.19%, 0, 0, 3, 819.89
1555602778, 0, 43, 171, 164, 62, 2.33%, 0, 0, 3, 749.87
1555602783, 0, 43, 176, 169, 62, 2.56%, 0, 0, 3, 733.53
1555602788, 0, 43, 184, 177, 62, 2.60%, 0, 0, 3, 816.04
1555602793, 0, 43, 188, 181, 62, 2.67%, 0, 0, 3, 778.42
1555602798, 0, 43, 191, 184, 62, 2.67%, 0, 0, 3, 786.80
1555602803, 0, 43, 194, 187, 62, 2.74%, 0, 0, 3, 756.31
1555602808, 0, 43, 195, 188, 62, 2.74%, 0, 0, 3, 739.16
1555602813, 0, 43, 198, 191, 62, 2.75%, 0, 0, 3, 779.88
1555602818, 0, 43, 202, 195, 62, 2.87%, 0, 0, 3, 749.12
1555602823, 0, 54, 205, 197, 76, 2.88%, 0, 0, 3, 748.89
1555602828, 0, 61, 206, 195, 75, 2.88%, 0, 0, 3, 764.41
1555602849, 0, 61, 211, 200, 75, 2.92%, 0, 0, 3, 723.72
1555602854, 0, 61, 214, 203, 75, 2.93%, 0, 0, 3, 729.45
1555602859, 0, 61, 221, 210, 75, 2.93%, 0, 0, 3, 703.47
1555602864, 0, 61, 223, 212, 75, 2.94%, 0, 0, 3, 633.39
1555602869, 0, 61, 225, 214, 75, 2.94%, 0, 0, 3, 587.20
1555602874, 0, 61, 227, 216, 75, 2.94%, 0, 0, 3, 629.76
1555602889, 0, 61, 229, 218, 75, 2.94%, 0, 0, 3, 767.64
1555602895, 0, 62, 233, 221, 76, 2.98%, 0, 0, 3, 795.08
1555602900, 0, 69, 240, 226, 82, 3.01%, 0, 0, 3, 395.22
1555602905, 0, 75, 243, 228, 81, 3.01%, 0, 0, 3, 725.21
1555602910, 0, 80, 243, 227, 80, 3.01%, 0, 0, 3, 789.34
1555602915, 0, 83, 252, 235, 81, 3.18%, 0, 0, 3, 780.94
1555602920, 0, 83, 262, 245, 81, 3.18%, 0, 0, 3, 826.47
1555602925, 0, 83, 265, 248, 81, 3.18%, 0, 0, 3, 799.74
1555602930, 0, 83, 270, 253, 81, 3.19%, 0, 0, 3, 798.18
1555602940, 0, 83, 271, 254, 81, 3.19%, 0, 0, 3, 796.37
1555602945, 0, 83, 276, 259, 81, 3.20%, 0, 0, 3, 798.66
1555602951, 0, 83, 277, 260, 81, 3.20%, 0, 0, 3, 787.03
1555602956, 0, 83, 278, 261, 81, 3.20%, 0, 0, 3, 785.29
1555602961, 0, 92, 279, 260, 83, 3.20%, 0, 0, 3, 817.02
1555602966, 0, 99, 282, 262, 82, 3.20%, 0, 0, 3, 774.59
1555602971, 0, 99, 285, 265, 82, 3.25%, 0, 0, 3, 784.94
1555602976, 0, 99, 287, 267, 82, 3.25%, 0, 0, 3, 777.39
1555602981, 0, 99, 288, 268, 82, 3.25%, 0, 0, 3, 793.05
1555602997, 0, 111, 288, 267, 83, 3.25%, 0, 0, 3, 803.80
1555603002, 0, 113, 293, 270, 82, 3.26%, 0, 0, 3, 816.43
1555603007, 0, 113, 296, 273, 82, 3.27%, 0, 0, 3, 823.77
1555603012, 0, 113, 298, 275, 82, 3.27%, 0, 0, 3, 808.85
1555603017, 0, 113, 299, 276, 82, 3.27%, 0, 0, 3, 812.02
1555603022, 0, 113, 301, 278, 82, 3.27%, 0, 0, 3, 820.86
1555603027, 0, 113, 302, 279, 82, 3.27%, 0, 0, 3, 813.96
1555603033, 0, 113, 306, 283, 82, 3.29%, 0, 0, 3, 802.63
1555603043, 0, 116, 307, 283, 83, 3.31%, 0, 0, 3, 791.95
1555603048, 0, 116, 311, 287, 83, 3.31%, 0, 0, 4, 784.36
1555603053, 0, 116, 313, 289, 83, 3.31%, 0, 0, 4, 758.45
1555603058, 0, 116, 315, 291, 83, 3.31%, 0, 0, 4, 797.45
1555603063, 0, 116, 318, 294, 83, 3.31%, 0, 0, 4, 811.86
1555603068, 0, 116, 322, 298, 83, 3.32%, 0, 0, 4, 810.63
1555603073, 0, 116, 323, 299, 83, 3.32%, 0, 0, 4, 794.58
1555603084, 0, 116, 324, 300, 83, 3.32%, 0, 0, 4, 787.51
1555603089, 0, 119, 325, 300, 82, 3.32%, 0, 0, 4, 804.08
1555603094, 0, 123, 327, 300, 80, 3.32%, 0, 0, 4, 114.86
1555603099, 0, 123, 338, 311, 80, 3.36%, 0, 0, 4, 782.44
1555603104, 0, 123, 344, 317, 80, 3.36%, 0, 0, 4, 824.77
1555603109, 0, 123, 346, 319, 80, 3.36%, 0, 0, 4, 796.54
1555603114, 0, 123, 350, 323, 80, 3.36%, 0, 0, 4, 814.61
1555603119, 0, 123, 353, 326, 80, 3.36%, 0, 0, 4, 784.01
1555603125, 0, 123, 357, 330, 80, 3.36%, 0, 0, 4, 781.45
1555603130, 0, 123, 361, 334, 80, 3.45%, 0, 0, 4, 788.88
1555603135, 0, 123, 365, 338, 80, 3.47%, 0, 0, 4, 794.25
1555603140, 0, 126, 366, 337, 86, 3.47%, 0, 0, 4, 797.79
1555603145, 0, 128, 367, 336, 84, 3.47%, 0, 0, 4, 796.15
1555603150, 0, 128, 369, 338, 84, 3.47%, 0, 0, 4, 791.63
1555603155, 0, 131, 370, 337, 82, 3.47%, 0, 0, 4, 807.70
1555603161, 0, 139, 372, 335, 79, 3.49%, 0, 0, 4, 812.34
1555603166, 0, 142, 375, 335, 77, 3.50%, 0, 0, 4, 819.50
1555603171, 0, 151, 379, 335, 75, 3.52%, 0, 0, 4, 809.08
1555603176, 0, 157, 382, 335, 74, 3.53%, 0, 0, 4, 837.53
1555603181, 0, 159, 386, 338, 74, 3.57%, 0, 0, 4, 826.55
1555603186, 0, 162, 388, 338, 76, 3.57%, 0, 0, 4, 816.62
1555603191, 0, 162, 391, 341, 76, 3.58%, 0, 0, 4, 813.70
1555603201, 0, 162, 393, 343, 76, 3.58%, 0, 0, 4, 794.77
1555603206, 0, 162, 395, 345, 76, 3.58%, 0, 0, 4, 817.49
1555603211, 0, 162, 397, 347, 76, 3.61%, 0, 0, 4, 819.07
1555603217, 0, 162, 399, 349, 76, 3.61%, 0, 0, 4, 798.39
1555603222, 0, 162, 402, 352, 76, 3.61%, 0, 0, 4, 793.23
1555603227, 0, 164, 403, 352, 80, 3.62%, 0, 0, 4, 797.97
1555603232, 0, 164, 410, 359, 80, 3.63%, 0, 0, 4, 775.89
1555603237, 0, 164, 413, 362, 80, 3.63%, 0, 0, 4, 797.54
1555603242, 0, 164, 415, 364, 80, 3.63%, 0, 0, 4, 806.66
1555603247, 0, 164, 417, 366, 80, 3.63%, 0, 0, 4, 825.00
1555603252, 0, 164, 420, 369, 80, 3.63%, 0, 0, 4, 814.76
1555603257, 0, 164, 424, 373, 80, 3.63%, 0, 0, 4, 806.03
1555603263, 0, 164, 425, 374, 80, 3.63%, 0, 0, 4, 811.00
1555603268, 0, 164, 428, 377, 80, 3.63%, 0, 0, 4, 818.15
1555603273, 0, 169, 432, 379, 82, 3.64%, 0, 0, 4, 774.46
1555603278, 0, 173, 434, 380, 82, 3.64%, 0, 0, 4, 802.20
1555603283, 0, 174, 435, 380, 81, 3.64%, 0, 0, 4, 818.76
1555603288, 0, 174, 436, 381, 81, 3.64%, 0, 0, 4, 806.94
1555603293, 0, 178, 446, 389, 82, 3.64%, 0, 0, 4, 816.52
1555603298, 0, 182, 451, 392, 82, 3.65%, 0, 0, 4, 779.67
1555603304, 0, 182, 457, 398, 82, 3.65%, 0, 0, 4, 793.65
1555603309, 0, 182, 460, 401, 82, 3.65%, 0, 0, 4, 778.64
1555603314, 0, 182, 465, 406, 82, 3.72%, 0, 0, 4, 802.29
1555603319, 0, 182, 466, 407, 82, 3.72%, 0, 0, 4, 805.45
1555603329, 0, 182, 467, 408, 82, 3.72%, 0, 0, 4, 789.80
1555603334, 0, 182, 468, 409, 82, 3.72%, 0, 0, 4, 803.26
1555603339, 0, 182, 471, 412, 82, 3.72%, 0, 0, 4, 788.84
1555603344, 0, 186, 475, 414, 83, 3.79%, 0, 0, 4, 787.71
1555603349, 0, 192, 478, 415, 80, 3.79%, 0, 0, 4, 762.63
1555603355, 0, 192, 479, 416, 80, 3.79%, 0, 0, 4, 816.44
1555603360, 0, 192, 481, 418, 80, 3.79%, 0, 0, 4, 812.85
1555603365, 0, 192, 484, 421, 80, 3.79%, 0, 0, 4, 814.85
1555603370, 0, 192, 485, 422, 80, 3.79%, 0, 0, 4, 820.31
1555603375, 0, 192, 487, 424, 80, 3.79%, 0, 0, 4, 811.44
1555603380, 0, 192, 488, 425, 80, 3.79%, 0, 0, 4, 812.48
1555603396, 0, 192, 489, 426, 80, 3.79%, 0, 0, 4, 815.30
1555603406, 0, 193, 491, 427, 80, 3.79%, 0, 0, 4, 780.86
1555603411, 0, 193, 493, 429, 80, 3.79%, 0, 0, 4, 792.03
1555603416, 0, 193, 498, 434, 80, 3.79%, 0, 0, 4, 802.41
1555603421, 0, 193, 499, 435, 80, 3.79%, 0, 0, 4, 814.40
1555603426, 0, 193, 501, 437, 80, 3.79%, 0, 0, 4, 810.26
1555603431, 0, 193, 505, 441, 80, 3.79%, 0, 0, 4, 807.41
1555603452, 0, 198, 506, 440, 81, 3.79%, 0, 0, 4, 823.44
1555603457, 0, 201, 515, 448, 80, 3.84%, 0, 0, 4, 800.09
1555603462, 0, 201, 516, 449, 80, 3.84%, 0, 0, 4, 809.48
1555603467, 0, 201, 517, 450, 80, 3.84%, 0, 0, 4, 814.93
1555603472, 0, 201, 519, 452, 80, 3.84%, 0, 0, 4, 798.95
1555603488, 0, 214, 520, 451, 85, 3.84%, 0, 0, 4, 801.51
1555603498, 0, 214, 521, 452, 85, 3.84%, 0, 0, 4, 830.14
1555603503, 0, 234, 521, 450, 83, 3.84%, 0, 0, 4, 803.87
1555603508, 0, 237, 521, 448, 81, 3.84%, 0, 0, 4, 803.10
1555603513, 0, 239, 522, 447, 79, 3.84%, 0, 0, 4, 816.69
1555603518, 0, 241, 522, 446, 78, 3.84%, 0, 0, 4, 819.95
1555603533, 0, 246, 525, 448, 78, 3.84%, 0, 0, 4, 770.17
1555603539, 0, 246, 526, 449, 78, 3.84%, 0, 0, 4, 778.50
1555603549, 0, 246, 528, 451, 78, 3.85%, 0, 0, 4, 764.07
1555603564, 0, 249, 529, 451, 79, 3.85%, 0, 0, 4, 759.70
1555603569, 0, 250, 530, 451, 79, 3.85%, 0, 0, 4, 763.48
1555603574, 0, 250, 532, 453, 79, 3.85%, 0, 0, 4, 804.28
1555603579, 0, 250, 534, 455, 79, 3.85%, 0, 0, 4, 785.57
1555603589, 0, 250, 535, 456, 79, 3.85%, 0, 0, 4, 763.14
1555603594, 0, 250, 536, 457, 79, 3.85%, 0, 0, 4, 783.39
1555603599, 0, 260, 542, 462, 78, 3.85%, 0, 0, 4, 788.64
1555603610, 0, 265, 543, 462, 78, 3.85%, 0, 0, 4, 734.30
1555603615, 0, 275, 546, 463, 76, 3.88%, 0, 0, 4, 745.07
1555603620, 0, 279, 546, 461, 75, 3.88%, 0, 0, 4, 705.28
1555603625, 0, 279, 549, 464, 75, 3.88%, 0, 0, 4, 756.21
1555603630, 0, 279, 550, 465, 75, 3.89%, 0, 0, 4, 752.27
1555603640, 0, 279, 551, 466, 75, 3.90%, 0, 0, 4, 761.11
1555603656, 0, 283, 566, 480, 77, 3.91%, 0, 0, 4, 715.32
1555603661, 0, 283, 567, 481, 77, 3.91%, 0, 0, 4, 770.38
1555603666, 0, 284, 567, 480, 79, 3.91%, 0, 0, 4, 761.84
1555603671, 0, 289, 567, 478, 77, 3.91%, 0, 0, 4, 806.91
1555603676, 0, 294, 569, 478, 77, 3.92%, 0, 0, 4, 808.20
1555603681, 0, 306, 570, 477, 75, 3.92%, 0, 0, 4, 774.78
1555603686, 0, 309, 573, 479, 74, 3.92%, 0, 0, 5, 784.74
1555603697, 0, 321, 574, 479, 73, 3.92%, 0, 0, 5, 797.20
1555603702, 0, 326, 575, 479, 73, 3.92%, 0, 0, 5, 749.14
1555603707, 0, 326, 577, 481, 73, 3.92%, 0, 0, 5, 778.27
1555603728, 0, 326, 578, 482, 73, 3.92%, 0, 0, 5, 786.37
1555603738, 0, 326, 580, 484, 73, 3.92%, 0, 0, 5, 800.86
1555603748, 0, 327, 583, 486, 72, 3.93%, 0, 0, 5, 806.36
1555603753, 0, 328, 584, 486, 71, 3.93%, 0, 0, 5, 777.34
1555603758, 0, 328, 586, 488, 71, 3.93%, 0, 0, 5, 742.05
1555603763, 0, 328, 588, 490, 71, 3.93%, 0, 0, 5, 749.70
1555603768, 0, 328, 589, 491, 71, 3.93%, 0, 0, 5, 688.53
1555603773, 0, 328, 590, 492, 71, 3.93%, 0, 0, 5, 737.29
1555603794, 0, 328, 592, 494, 71, 3.97%, 0, 0, 5, 354.08
1555603799, 0, 331, 593, 494, 73, 3.97%, 0, 0, 5, 623.20
1555603804, 0, 331, 595, 496, 73, 3.97%, 0, 0, 5, 751.52
1555603809, 0, 331, 596, 497, 73, 3.97%, 0, 0, 5, 726.47
1555603819, 0, 331, 598, 499, 73, 3.97%, 0, 0, 5, 719.36
1555603824, 0, 331, 600, 501, 73, 3.97%, 0, 0, 5, 726.35
1555603829, 0, 331, 601, 502, 73, 3.97%, 0, 0, 5, 683.11
1555603844, 0, 332, 602, 502, 74, 3.97%, 0, 0, 5, 796.11
1555603849, 0, 332, 607, 507, 74, 3.97%, 0, 0, 5, 809.44
1555603855, 0, 332, 608, 508, 74, 3.97%, 0, 0, 5, 791.30
1555603860, 0, 332, 609, 509, 74, 3.97%, 0, 0, 5, 791.63
1555603865, 0, 332, 610, 510, 74, 3.97%, 0, 0, 5, 762.38
1555603891, 0, 354, 611, 510, 74, 3.97%, 0, 0, 5, 757.38
1555603896, 0, 354, 613, 512, 74, 3.98%, 0, 0, 5, 742.93
1555603901, 0, 354, 614, 513, 74, 3.98%, 0, 0, 5, 773.68
1555603916, 0, 357, 614, 512, 74, 3.98%, 0, 0, 5, 698.00
1555603921, 0, 358, 614, 511, 73, 3.98%, 0, 0, 5, 727.13
1555603926, 0, 364, 617, 513, 72, 3.98%, 0, 0, 5, 704.08
1555603932, 0, 364, 618, 514, 72, 3.98%, 0, 0, 5, 738.39
1555603937, 0, 364, 619, 515, 72, 3.98%, 0, 0, 5, 689.79
1555603942, 0, 364, 621, 517, 72, 3.98%, 0, 0, 5, 694.23
1555603952, 0, 364, 622, 518, 72, 3.98%, 0, 0, 5, 758.90
1555603957, 0, 364, 623, 519, 72, 3.98%, 0, 0, 5, 761.35
1555603972, 0, 370, 624, 519, 72, 3.98%, 0, 0, 5, 698.89
1555603977, 0, 370, 625, 520, 72, 3.98%, 0, 0, 5, 742.06
1555603983, 0, 371, 626, 520, 71, 3.98%, 0, 0, 5, 722.51
1555603988, 0, 371, 628, 522, 71, 3.98%, 0, 0, 5, 708.42
1555603993, 0, 371, 631, 525, 71, 3.98%, 0, 0, 5, 736.69
1555603998, 0, 371, 632, 526, 71, 3.98%, 0, 0, 5, 766.47
1555604008, 0, 371, 633, 527, 71, 3.98%, 0, 0, 5, 670.02
1555604028, 0, 372, 633, 526, 70, 3.98%, 0, 0, 5, 682.46
1555604033, 0, 374, 633, 525, 69, 3.98%, 0, 0, 5, 626.29
1555604039, 0, 374, 634, 526, 69, 3.98%, 0, 0, 5, 706.77
1555604044, 0, 378, 635, 526, 68, 3.98%, 0, 0, 5, 783.29
1555604049, 0, 380, 635, 525, 67, 3.98%, 0, 0, 5, 783.16
1555604054, 0, 381, 636, 525, 66, 3.98%, 0, 0, 5, 784.16
1555604059, 0, 381, 638, 527, 66, 3.98%, 0, 0, 5, 766.65
1555604064, 0, 381, 639, 528, 66, 3.98%, 0, 0, 5, 740.15
1555604079, 0, 381, 641, 530, 66, 3.98%, 0, 0, 5, 735.37
1555604089, 0, 381, 642, 531, 66, 3.98%, 0, 0, 5, 746.51
1555604100, 0, 383, 642, 529, 64, 3.98%, 0, 0, 5, 775.59
1555604105, 0, 384, 644, 530, 63, 3.98%, 0, 0, 5, 730.60
1555604115, 0, 386, 644, 529, 62, 3.98%, 0, 0, 5, 761.22
1555604120, 0, 389, 645, 529, 61, 3.98%, 0, 0, 5, 778.06
1555604125, 0, 390, 646, 529, 61, 3.98%, 0, 0, 5, 846.54
1555604130, 0, 390, 649, 532, 61, 3.98%, 0, 0, 5, 826.89
1555604140, 0, 390, 650, 533, 61, 3.98%, 0, 0, 5, 754.72
1555604156, 0, 390, 652, 535, 61, 3.98%, 0, 0, 5, 788.86
1555604161, 0, 391, 652, 534, 62, 3.98%, 0, 0, 5, 782.13
1555604166, 0, 391, 655, 537, 62, 3.98%, 0, 0, 5, 775.62
1555604171, 0, 391, 656, 538, 62, 3.98%, 0, 0, 5, 783.52
1555604186, 0, 391, 659, 541, 62, 3.98%, 0, 0, 5, 802.02
1555604207, 0, 395, 661, 542, 63, 3.98%, 0, 0, 5, 361.06
1555604212, 0, 396, 661, 541, 62, 3.98%, 0, 0, 5, 690.26
1555604217, 0, 396, 662, 542, 62, 3.98%, 0, 0, 5, 769.88
1555604232, 0, 400, 663, 542, 61, 3.98%, 0, 0, 5, 818.91
1555604238, 0, 402, 664, 542, 61, 3.98%, 0, 0, 5, 781.72
1555604243, 0, 403, 664, 541, 60, 3.98%, 0, 0, 5, 762.48
1555604248, 0, 410, 664, 540, 59, 3.98%, 0, 0, 5, 777.07
1555604253, 0, 426, 665, 539, 58, 3.99%, 0, 0, 5, 793.89
1555604258, 0, 429, 666, 539, 57, 3.99%, 0, 0, 5, 780.00
1555604263, 0, 436, 666, 538, 56, 3.99%, 0, 0, 5, 803.20
1555604268, 0, 439, 666, 536, 54, 3.99%, 0, 0, 5, 790.97
1555604273, 0, 439, 667, 537, 54, 3.99%, 0, 0, 5, 788.51
1555604279, 0, 445, 669, 538, 53, 3.99%, 0, 0, 5, 772.51
1555604289, 0, 446, 669, 537, 53, 3.99%, 0, 0, 5, 767.01
1555604294, 0, 447, 669, 536, 52, 3.99%, 0, 0, 5, 786.50
1555604299, 0, 449, 670, 536, 51, 3.99%, 0, 0, 5, 770.88
1555604304, 0, 464, 672, 537, 50, 3.99%, 0, 0, 5, 133.95
1555604309, 0, 464, 676, 541, 50, 4.06%, 0, 1, 5, 526.19
1555604314, 0, 464, 677, 542, 50, 4.06%, 0, 1, 5, 711.35
1555604324, 0, 464, 679, 544, 50, 4.06%, 0, 1, 5, 764.69
1555604329, 0, 464, 682, 547, 50, 4.06%, 0, 1, 5, 754.06
1555604335, 0, 464, 684, 549, 50, 4.06%, 0, 1, 5, 805.96
1555604340, 0, 471, 685, 549, 53, 4.06%, 0, 1, 5, 786.57
1555604345, 0, 471, 686, 550, 53, 4.06%, 0, 1, 5, 782.85
1555604350, 0, 472, 686, 549, 52, 4.06%, 0, 1, 5, 786.20
1555604355, 0, 475, 686, 548, 51, 4.06%, 0, 1, 5, 735.47
1555604360, 0, 478, 686, 547, 50, 4.06%, 0, 1, 5, 763.29
1555604381, 0, 484, 686, 546, 49, 4.06%, 0, 1, 5, 781.45
1555604406, 0, 484, 688, 548, 49, 4.06%, 0, 1, 5, 725.51
1555604417, 0, 499, 690, 549, 49, 4.06%, 0, 1, 5, 756.57
1555604422, 0, 499, 693, 552, 49, 4.09%, 0, 1, 5, 746.60
1555604427, 0, 499, 695, 554, 49, 4.09%, 0, 1, 5, 748.23
1555604437, 0, 499, 697, 556, 49, 4.09%, 0, 1, 5, 693.97
1555604442, 0, 499, 698, 557, 49, 4.09%, 0, 1, 5, 755.43
1555604447, 0, 499, 700, 559, 49, 4.10%, 0, 1, 5, 758.03
1555604452, 0, 499, 701, 560, 49, 4.10%, 0, 1, 5, 764.91
1555604462, 0, 501, 703, 561, 52, 4.10%, 0, 1, 5, 790.22
1555604467, 0, 501, 704, 562, 52, 4.10%, 0, 1, 5, 804.05
1555604473, 0, 506, 704, 561, 51, 4.10%, 0, 1, 5, 592.56
1555604478, 0, 507, 705, 561, 50, 4.10%, 0, 1, 5, 731.39
1555604488, 0, 509, 705, 560, 49, 4.10%, 0, 1, 5, 729.73
1555604493, 0, 509, 706, 561, 49, 4.10%, 0, 1, 5, 755.90
1555604498, 0, 512, 706, 560, 48, 4.10%, 0, 1, 5, 780.16
1555604503, 0, 512, 707, 561, 48, 4.10%, 0, 1, 5, 747.89
1555604508, 0, 522, 708, 561, 47, 4.11%, 0, 1, 5, 776.52
1555604514, 0, 522, 709, 562, 47, 4.11%, 0, 1, 5, 766.97
1555604519, 0, 522, 711, 564, 47, 4.11%, 0, 1, 5, 783.59
1555604524, 0, 522, 712, 565, 47, 4.11%, 0, 1, 5, 778.09
1555604529, 0, 522, 713, 566, 47, 4.11%, 0, 1, 5, 759.32
1555604539, 0, 523, 713, 565, 48, 4.11%, 0, 1, 5, 757.83
1555604544, 0, 523, 715, 567, 48, 4.11%, 0, 1, 5, 695.54
1555604554, 0, 523, 716, 568, 48, 4.11%, 0, 1, 5, 754.65
1555604564, 0, 523, 717, 569, 48, 4.11%, 0, 1, 5, 776.80
1555604575, 0, 526, 721, 572, 47, 4.12%, 0, 1, 5, 269.21
1555604580, 0, 526, 723, 574, 47, 4.12%, 0, 1, 5, 659.22
1555604585, 0, 526, 724, 575, 47, 4.12%, 0, 1, 5, 731.62
1555604605, 0, 526, 725, 576, 47, 4.12%, 0, 1, 5, 798.76
1555604610, 0, 528, 727, 577, 47, 4.12%, 0, 1, 5, 801.03
1555604615, 0, 538, 727, 576, 46, 4.12%, 0, 1, 5, 836.01
1555604620, 0, 542, 727, 575, 45, 4.12%, 0, 1, 5, 804.76
1555604630, 0, 542, 729, 577, 45, 4.12%, 0, 1, 5, 791.65
1555604640, 0, 546, 729, 575, 44, 4.12%, 0, 1, 5, 717.02
1555604651, 0, 546, 731, 577, 44, 4.13%, 0, 1, 5, 744.79
1555604656, 0, 546, 732, 578, 44, 4.13%, 0, 1, 5, 764.91
1555604681, 0, 548, 732, 577, 46, 4.13%, 0, 1, 5, 665.25
1555604692, 0, 549, 732, 576, 45, 4.13%, 0, 1, 5, 672.84
1555604712, 0, 550, 732, 575, 44, 4.13%, 0, 1, 5, 649.05
1555604727, 0, 563, 732, 574, 43, 4.13%, 0, 1, 5, 739.39
1555604733, 0, 563, 735, 577, 43, 4.13%, 0, 1, 5, 783.84
1555604743, 0, 563, 736, 578, 43, 4.13%, 0, 1, 5, 797.09
1555604748, 0, 563, 738, 580, 43, 4.13%, 0, 1, 5, 793.95
1555604758, 0, 563, 740, 582, 43, 4.13%, 0, 1, 5, 801.44
1555604763, 0, 566, 754, 595, 44, 4.13%, 0, 1, 5, 750.89
1555604768, 0, 566, 757, 598, 44, 4.13%, 0, 1, 5, 767.85
1555604773, 0, 566, 759, 600, 44, 4.13%, 0, 1, 5, 761.89
1555604778, 0, 566, 760, 601, 44, 4.13%, 0, 1, 5, 757.78
1555604784, 0, 566, 761, 602, 44, 4.13%, 0, 1, 5, 763.35
1555604789, 0, 566, 764, 605, 44, 4.15%, 0, 1, 5, 763.21
1555604794, 0, 566, 766, 607, 44, 4.15%, 0, 1, 5, 777.09
1555604799, 0, 566, 767, 608, 44, 4.15%, 0, 1, 5, 774.30
1555604804, 0, 566, 769, 610, 44, 4.15%, 0, 1, 5, 796.16
1555604809, 0, 567, 770, 610, 47, 4.15%, 0, 1, 5, 763.76
1555604814, 0, 575, 770, 608, 45, 4.15%, 0, 1, 5, 805.47
1555604819, 0, 583, 770, 607, 45, 4.15%, 0, 1, 5, 806.25
1555604825, 0, 583, 771, 608, 45, 4.15%, 0, 1, 6, 807.73
1555604830, 0, 590, 772, 608, 44, 4.15%, 0, 1, 6, 812.82
1555604835, 0, 590, 774, 610, 44, 4.15%, 0, 1, 6, 802.62
1555604845, 0, 591, 775, 610, 44, 4.15%, 0, 1, 6, 791.29
1555604855, 0, 594, 803, 637, 43, 4.39%, 0, 1, 6, 782.56
1555604860, 0, 599, 805, 638, 44, 4.39%, 0, 1, 6, 748.63
1555604865, 0, 602, 805, 637, 45, 4.39%, 0, 1, 6, 767.18
1555604870, 0, 610, 807, 638, 44, 4.39%, 0, 1, 6, 768.10
1555604881, 0, 610, 808, 639, 44, 4.39%, 0, 1, 6, 791.40
1555604891, 0, 613, 808, 638, 46, 4.39%, 0, 1, 6, 780.92
1555604896, 0, 613, 810, 640, 46, 4.39%, 0, 1, 6, 790.19
1555604906, 0, 613, 811, 641, 46, 4.39%, 0, 1, 6, 791.82
1555604911, 0, 614, 811, 640, 46, 4.39%, 0, 1, 6, 779.82
1555604916, 0, 614, 813, 642, 46, 4.39%, 0, 1, 6, 792.95
1555604927, 0, 649, 813, 641, 45, 4.39%, 0, 1, 6, 841.82
1555604937, 0, 650, 813, 640, 44, 4.39%, 0, 1, 6, 836.35
1555604942, 0, 652, 814, 640, 43, 4.39%, 0, 1, 6, 813.95
1555604947, 0, 652, 817, 643, 43, 4.39%, 0, 1, 6, 816.66
1555604957, 0, 654, 820, 645, 42, 4.40%, 0, 1, 6, 804.87
1555604962, 0, 662, 820, 644, 43, 4.40%, 0, 1, 6, 809.56
1555604967, 0, 665, 825, 648, 42, 4.40%, 0, 1, 6, 739.19
1555604973, 0, 665, 826, 649, 42, 4.40%, 0, 1, 6, 788.26
1555604978, 0, 672, 832, 654, 46, 4.41%, 0, 1, 6, 39.96
1555604983, 0, 672, 835, 657, 46, 4.41%, 0, 1, 6, 784.12
1555604988, 0, 672, 835, 657, 46, 4.41%, 0, 2, 6, 784.75
1555604993, 0, 672, 836, 658, 46, 4.42%, 0, 2, 6, 774.65
1555605003, 0, 680, 837, 658, 48, 4.42%, 0, 2, 6, 776.53
1555605008, 0, 680, 840, 661, 48, 4.42%, 0, 2, 6, 739.32
1555605014, 0, 680, 841, 662, 48, 4.42%, 0, 3, 6, 787.43
1555605019, 0, 687, 841, 661, 47, 4.42%, 0, 3, 6, 780.26
1555605059, 0, 687, 842, 662, 47, 4.42%, 0, 3, 6, 798.91
1555605064, 0, 687, 843, 663, 47, 4.42%, 0, 3, 6, 778.40
1555605070, 0, 687, 844, 664, 47, 4.42%, 0, 3, 6, 782.02
1555605075, 0, 687, 847, 667, 47, 4.43%, 0, 3, 6, 775.53
1555605080, 0, 687, 848, 668, 47, 4.43%, 0, 3, 6, 781.31
1555605085, 0, 687, 849, 669, 47, 4.43%, 0, 3, 6, 784.49
1555605105, 0, 690, 854, 673, 48, 4.48%, 0, 3, 6, 795.46
1555605110, 0, 698, 858, 676, 50, 4.48%, 0, 3, 6, 631.02
1555605115, 0, 698, 859, 677, 50, 4.48%, 0, 3, 6, 740.32
1555605120, 0, 698, 861, 679, 50, 4.48%, 0, 3, 6, 781.64
1555605126, 0, 698, 863, 681, 50, 4.48%, 0, 3, 6, 788.38
1555605131, 0, 698, 866, 684, 50, 4.48%, 0, 3, 6, 786.70
1555605141, 0, 698, 867, 685, 50, 4.48%, 0, 3, 6, 793.66
1555605146, 0, 699, 877, 694, 50, 4.49%, 0, 3, 6, 773.30
1555605151, 0, 699, 878, 695, 50, 4.49%, 0, 3, 6, 761.73
1555605156, 0, 707, 879, 695, 53, 4.49%, 0, 3, 6, 784.03
1555605161, 0, 711, 885, 700, 53, 4.49%, 0, 3, 6, 755.64
1555605166, 0, 711, 886, 701, 53, 4.50%, 0, 3, 6, 775.88
1555605172, 0, 720, 887, 701, 56, 4.50%, 0, 3, 6, 772.53
1555605177, 0, 729, 887, 700, 55, 4.50%, 0, 3, 6, 623.37
1555605197, 0, 729, 889, 702, 55, 4.50%, 0, 3, 6, 684.92
1555605202, 0, 729, 891, 704, 55, 4.50%, 0, 3, 6, 704.01
1555605207, 0, 729, 892, 705, 55, 4.50%, 0, 3, 6, 707.59
1555605212, 0, 729, 893, 706, 55, 4.50%, 0, 3, 6, 708.06
1555605217, 0, 731, 893, 705, 53, 4.50%, 0, 3, 6, 698.87
1555605243, 0, 738, 899, 710, 52, 4.50%, 0, 3, 6, 648.08
1555605248, 0, 738, 903, 714, 52, 4.50%, 0, 3, 6, 755.80
1555605253, 0, 738, 904, 715, 52, 4.50%, 0, 3, 6, 765.30
1555605258, 0, 738, 906, 717, 52, 4.50%, 0, 3, 6, 787.22
1555605263, 0, 738, 908, 719, 52, 4.50%, 0, 3, 6, 791.58
1555605269, 0, 738, 909, 720, 52, 4.50%, 0, 3, 6, 787.06
1555605274, 0, 738, 910, 721, 52, 4.50%, 0, 3, 6, 789.78
1555605279, 0, 753, 929, 739, 53, 4.50%, 0, 4, 6, 791.25
1555605284, 0, 753, 935, 745, 53, 4.50%, 0, 4, 6, 796.23
1555605289, 0, 753, 939, 749, 53, 4.50%, 0, 4, 6, 787.66
1555605294, 0, 753, 943, 753, 53, 4.50%, 0, 4, 6, 785.93
1555605299, 0, 753, 944, 754, 53, 4.50%, 0, 4, 6, 769.78
1555605304, 0, 753, 946, 756, 53, 4.50%, 0, 4, 6, 774.09
1555605309, 0, 753, 949, 759, 53, 4.50%, 0, 4, 6, 751.16
1555605314, 0, 753, 951, 761, 53, 4.50%, 0, 4, 6, 768.45
1555605319, 0, 753, 953, 763, 53, 4.50%, 0, 4, 6, 779.53
1555605324, 0, 772, 955, 764, 55, 4.50%, 0, 4, 6, 785.95
1555605329, 0, 779, 956, 764, 54, 4.50%, 0, 4, 7, 779.75
1555605334, 0, 784, 956, 763, 54, 4.50%, 0, 4, 7, 786.61
1555605339, 0, 787, 957, 763, 54, 4.50%, 0, 4, 7, 803.31
1555605344, 0, 787, 958, 764, 54, 4.50%, 0, 4, 7, 801.27
1555605350, 0, 787, 960, 766, 54, 4.50%, 0, 4, 7, 797.46
1555605360, 0, 787, 961, 767, 54, 4.50%, 0, 4, 7, 786.36
1555605370, 0, 789, 962, 767, 54, 4.50%, 0, 4, 7, 803.67
1555605375, 0, 789, 964, 769, 54, 4.50%, 0, 4, 7, 805.16
1555605380, 0, 793, 964, 768, 53, 4.50%, 0, 4, 7, 805.72
1555605386, 0, 793, 965, 769, 53, 4.50%, 0, 4, 7, 767.03
1555605391, 0, 793, 967, 771, 53, 4.51%, 0, 4, 7, 797.91
1555605396, 0, 793, 969, 773, 53, 4.51%, 0, 4, 7, 746.50
1555605401, 0, 793, 970, 774, 53, 4.51%, 0, 4, 7, 728.60
1555605406, 0, 793, 971, 775, 53, 4.51%, 0, 4, 7, 742.84
1555605416, 0, 794, 972, 775, 53, 4.51%, 0, 4, 7, 785.75
1555605421, 0, 796, 972, 774, 52, 4.51%, 0, 4, 7, 807.37
1555605427, 0, 802, 975, 776, 51, 4.51%, 0, 4, 7, 819.12
1555605432, 0, 803, 975, 775, 51, 4.51%, 0, 4, 7, 803.33
1555605437, 0, 804, 975, 774, 50, 4.51%, 0, 4, 7, 796.93
1555605442, 0, 805, 975, 773, 49, 4.51%, 0, 4, 7, 742.27
1555605447, 0, 805, 981, 779, 49, 4.51%, 0, 4, 7, 732.04
1555605452, 0, 805, 983, 781, 49, 4.51%, 0, 4, 7, 740.84
1555605462, 0, 805, 985, 783, 49, 4.51%, 0, 4, 7, 764.59
1555605472, 0, 805, 987, 785, 49, 4.51%, 0, 4, 7, 762.33
1555605483, 0, 807, 987, 784, 50, 4.51%, 0, 4, 7, 720.97
1555605493, 0, 817, 989, 785, 49, 4.52%, 0, 4, 7, 785.92
1555605498, 0, 817, 990, 786, 49, 4.52%, 0, 4, 7, 802.02
1555605503, 0, 817, 992, 788, 49, 4.53%, 0, 4, 7, 805.70
1555605523, 0, 819, 994, 789, 50, 4.55%, 0, 4, 7, 805.82
1555605529, 0, 822, 996, 790, 51, 4.55%, 0, 4, 7, 764.15
1555605534, 0, 823, 997, 790, 50, 4.55%, 0, 4, 7, 793.71
1555605539, 0, 824, 1000, 792, 50, 4.55%, 0, 4, 7, 779.25
1555605544, 0, 826, 1001, 792, 49, 4.55%, 0, 4, 7, 744.40
1555605549, 0, 826, 1005, 796, 49, 4.57%, 0, 4, 7, 776.75
1555605560, 0, 826, 1006, 797, 49, 4.57%, 0, 4, 7, 802.24
1555605565, 0, 826, 1008, 799, 49, 4.58%, 0, 4, 7, 789.59
1555605575, 0, 826, 1009, 800, 49, 4.58%, 0, 4, 7, 808.67
1555605585, 0, 826, 1010, 801, 49, 4.58%, 0, 4, 7, 803.36
1555605590, 0, 827, 1014, 804, 51, 4.58%, 0, 4, 7, 770.75
1555605595, 0, 827, 1015, 805, 51, 4.58%, 0, 4, 7, 798.76
1555605605, 0, 827, 1016, 806, 51, 4.60%, 0, 4, 7, 780.76
1555605610, 0, 827, 1017, 807, 51, 4.60%, 0, 4, 7, 764.01
1555605616, 0, 827, 1019, 809, 51, 4.60%, 0, 4, 7, 806.19
1555605626, 0, 827, 1020, 810, 51, 4.61%, 0, 4, 7, 803.95
1555605636, 0, 828, 1021, 810, 52, 4.61%, 0, 4, 7, 535.61
1555605641, 0, 828, 1023, 812, 52, 4.63%, 0, 4, 7, 722.92
1555605646, 0, 828, 1024, 813, 52, 4.64%, 0, 4, 7, 785.68
1555605662, 0, 828, 1025, 814, 52, 4.64%, 0, 4, 7, 797.25
1555605672, 0, 828, 1028, 817, 52, 4.66%, 0, 4, 7, 777.90
1555605677, 0, 831, 1032, 820, 54, 4.66%, 0, 4, 7, 785.00
1555605682, 0, 831, 1039, 827, 54, 4.66%, 0, 4, 7, 770.99
1555605693, 0, 831, 1040, 828, 54, 4.66%, 0, 4, 7, 793.63
1555605713, 0, 833, 1052, 839, 55, 4.68%, 0, 4, 7, 777.79
1555605718, 0, 833, 1054, 841, 55, 4.68%, 0, 4, 7, 753.09
1555605724, 0, 833, 1057, 844, 55, 4.68%, 0, 4, 7, 790.78
1555605729, 0, 833, 1058, 845, 55, 4.68%, 0, 5, 7, 785.83
1555605734, 0, 833, 1060, 847, 55, 4.68%, 0, 5, 7, 764.06
1555605739, 0, 833, 1062, 849, 55, 4.68%, 0, 5, 7, 788.34
1555605744, 0, 833, 1063, 850, 55, 4.68%, 0, 5, 7, 798.65
1555605749, 0, 835, 1072, 858, 61, 4.69%, 0, 6, 7, 720.81
1555605754, 0, 835, 1076, 862, 61, 4.70%, 0, 6, 7, 748.78
1555605759, 0, 835, 1078, 864, 61, 4.70%, 0, 6, 7, 761.42
1555605765, 0, 835, 1081, 867, 61, 4.70%, 0, 6, 7, 772.23
1555605775, 0, 835, 1083, 869, 61, 4.71%, 0, 6, 7, 768.95
1555605780, 0, 835, 1084, 870, 61, 4.71%, 0, 6, 7, 775.63
1555605785, 0, 838, 1087, 872, 63, 4.71%, 0, 6, 7, 726.43
1555605790, 0, 838, 1088, 873, 63, 4.71%, 0, 6, 7, 774.29
1555605795, 0, 838, 1089, 874, 63, 4.72%, 0, 6, 7, 797.78
1555605800, 0, 838, 1091, 876, 63, 4.72%, 0, 6, 7, 801.52
1555605805, 0, 838, 1092, 877, 63, 4.72%, 0, 6, 7, 795.79
1555605816, 0, 838, 1093, 878, 63, 4.72%, 0, 6, 7, 781.40
1555605821, 0, 841, 1093, 877, 65, 4.72%, 0, 6, 7, 760.15
1555605867, 0, 841, 1094, 878, 65, 4.72%, 0, 6, 7, 785.73
1555605872, 0, 846, 1094, 877, 64, 4.72%, 0, 6, 7, 754.90
1555605938, 0, 846, 1095, 878, 64, 4.72%, 0, 6, 7, 759.43
1555605944, 0, 850, 1098, 880, 63, 4.73%, 0, 6, 7, 763.61
1555605949, 0, 851, 1108, 889, 74, 4.81%, 0, 6, 7, 807.00
1555605954, 0, 853, 1109, 888, 74, 4.81%, 0, 6, 7, 808.37
1555605959, 0, 855, 1111, 889, 74, 4.82%, 0, 6, 7, 703.55
1555605969, 0, 868, 1113, 890, 73, 4.82%, 0, 6, 7, 741.42
1555605974, 0, 878, 1114, 890, 72, 4.82%, 0, 6, 7, 773.23
1555605979, 0, 879, 1114, 889, 72, 4.82%, 0, 6, 7, 646.48
1555605984, 0, 880, 1114, 888, 71, 4.82%, 0, 6, 7, 592.00
1555605990, 0, 883, 1114, 887, 70, 4.82%, 0, 6, 7, 707.52
1555605995, 0, 883, 1115, 888, 70, 4.82%, 0, 6, 7, 690.56
1555606000, 0, 886, 1115, 887, 69, 4.82%, 0, 6, 7, 685.53
1555606005, 0, 891, 1115, 886, 68, 4.82%, 0, 6, 7, 458.52
1555606056, 0, 891, 1119, 890, 68, 4.82%, 0, 6, 7, 224.80
1555606061, 0, 891, 1120, 891, 68, 4.82%, 0, 6, 7, 491.20
1555606066, 0, 891, 1121, 892, 68, 4.82%, 0, 6, 7, 547.35
1555606071, 0, 891, 1122, 893, 68, 4.82%, 0, 6, 7, 540.00
1555606076, 0, 891, 1124, 895, 68, 4.82%, 0, 6, 7, 543.33
1555606081, 0, 891, 1127, 898, 68, 4.82%, 0, 6, 7, 547.24
1555606091, 0, 891, 1128, 899, 68, 4.82%, 0, 6, 7, 539.15
1555606097, 0, 891, 1129, 900, 68, 4.82%, 0, 6, 7, 551.48
1555606102, 0, 893, 1129, 899, 67, 4.82%, 0, 6, 7, 610.29
1555606107, 0, 893, 1131, 901, 67, 4.82%, 0, 6, 7, 712.39
1555606112, 0, 893, 1133, 903, 67, 4.82%, 0, 6, 7, 721.41
1555606132, 0, 893, 1135, 905, 67, 4.82%, 0, 6, 7, 753.70
1555606137, 0, 893, 1136, 906, 67, 4.82%, 0, 6, 7, 789.45
1555606148, 0, 898, 1138, 907, 67, 4.82%, 0, 6, 7, 766.41
1555606153, 0, 898, 1140, 909, 67, 4.82%, 0, 6, 7, 770.57
1555606163, 0, 914, 1148, 916, 67, 4.82%, 0, 6, 7, 732.01
1555606168, 0, 914, 1149, 917, 67, 4.82%, 0, 6, 7, 760.63
1555606173, 0, 914, 1152, 920, 67, 4.82%, 0, 6, 7, 763.19
1555606178, 0, 914, 1153, 921, 67, 4.82%, 0, 6, 7, 746.73
1555606183, 0, 914, 1155, 923, 67, 4.82%, 0, 6, 7, 765.02
1555606188, 0, 914, 1156, 924, 67, 4.82%, 0, 6, 7, 775.77
1555606199, 0, 914, 1157, 925, 67, 4.82%, 0, 6, 7, 788.56
1555606204, 0, 914, 1160, 928, 67, 4.82%, 0, 6, 7, 795.54
1555606209, 0, 924, 1160, 927, 67, 4.82%, 0, 6, 7, 720.24
1555606214, 0, 924, 1162, 929, 67, 4.82%, 0, 6, 7, 724.59
1555606224, 0, 924, 1163, 930, 67, 4.82%, 0, 6, 7, 749.61
1555606234, 0, 924, 1165, 932, 67, 4.82%, 0, 6, 7, 698.98
1555606239, 0, 924, 1166, 933, 67, 4.82%, 0, 6, 7, 787.07
1555606244, 0, 924, 1167, 934, 67, 4.82%, 0, 6, 7, 745.60
1555606249, 0, 930, 1168, 934, 66, 4.82%, 0, 6, 7, 739.39
1555606255, 0, 930, 1169, 935, 66, 4.82%, 0, 6, 7, 772.56
1555606261, 0, 938, 1180, 945, 65, 4.82%, 0, 8, 7, 60.31
1555606266, 0, 938, 1182, 947, 65, 4.82%, 0, 8, 7, 667.72
1555606271, 0, 938, 1185, 950, 65, 4.82%, 0, 8, 7, 710.96
1555606276, 0, 938, 1186, 951, 65, 4.82%, 0, 8, 7, 700.79
1555606281, 0, 938, 1188, 953, 65, 4.82%, 0, 8, 7, 701.25
1555606286, 0, 938, 1190, 955, 65, 4.83%, 0, 8, 7, 732.46
1555606291, 0, 938, 1191, 956, 65, 4.83%, 0, 8, 7, 732.88
1555606306, 0, 938, 1194, 959, 65, 4.83%, 0, 8, 7, 719.45
1555606312, 0, 940, 1194, 958, 66, 4.83%, 0, 8, 7, 525.20
1555606317, 0, 940, 1198, 962, 66, 4.83%, 0, 8, 7, 675.11
1555606322, 0, 948, 1199, 962, 65, 4.83%, 0, 8, 7, 739.39
1555606327, 0, 948, 1200, 963, 65, 4.83%, 0, 8, 7, 776.21
1555606332, 0, 950, 1200, 962, 64, 4.83%, 0, 8, 7, 773.81
1555606337, 0, 950, 1202, 964, 64, 4.83%, 0, 8, 7, 771.97
1555606352, 0, 950, 1203, 965, 64, 4.83%, 0, 8, 7, 736.74
1555606358, 0, 950, 1204, 966, 64, 4.83%, 0, 8, 7, 742.53
1555606363, 0, 950, 1206, 968, 64, 4.83%, 0, 8, 7, 800.28
1555606368, 0, 965, 1213, 974, 63, 4.83%, 0, 8, 8, 804.06
1555606373, 0, 965, 1232, 993, 63, 4.83%, 0, 8, 8, 772.28
1555606378, 0, 965, 1234, 995, 63, 4.83%, 0, 8, 8, 808.99
1555606383, 0, 965, 1238, 999, 63, 4.83%, 0, 8, 8, 813.05
1555606388, 0, 965, 1244, 1005, 63, 4.83%, 0, 8, 8, 794.40
1555606393, 0, 965, 1245, 1006, 63, 4.83%, 0, 8, 8, 788.79
1555606404, 0, 965, 1246, 1007, 63, 4.83%, 0, 8, 8, 780.08
1555606409, 0, 969, 1259, 1019, 64, 4.83%, 0, 8, 8, 736.08
1555606414, 0, 969, 1260, 1020, 64, 4.83%, 0, 8, 8, 685.95
1555606419, 0, 969, 1261, 1021, 64, 4.83%, 0, 8, 8, 686.53
1555606429, 0, 969, 1263, 1023, 64, 4.83%, 0, 8, 8, 664.09
1555606439, 0, 969, 1266, 1026, 64, 4.83%, 0, 8, 8, 675.37
1555606444, 0, 969, 1267, 1027, 64, 4.83%, 0, 8, 8, 689.55
1555606449, 0, 972, 1271, 1030, 65, 4.83%, 0, 8, 8, 133.64
1555606455, 0, 975, 1271, 1029, 67, 4.83%, 0, 8, 8, 762.11
1555606460, 0, 975, 1275, 1033, 67, 4.83%, 0, 8, 8, 698.99
1555606465, 0, 975, 1277, 1035, 67, 4.83%, 0, 8, 8, 726.28
1555606470, 0, 975, 1278, 1036, 67, 4.83%, 0, 8, 8, 723.03
1555606475, 0, 975, 1279, 1037, 67, 4.83%, 0, 8, 8, 755.52
1555606480, 0, 975, 1281, 1039, 67, 4.83%, 0, 8, 8, 756.95
1555606485, 0, 975, 1283, 1041, 67, 4.83%, 0, 8, 8, 742.60
1555606495, 0, 975, 1284, 1042, 67, 4.83%, 0, 8, 8, 729.66
1555606500, 0, 975, 1285, 1043, 67, 4.83%, 0, 8, 8, 722.39
1555606506, 0, 978, 1287, 1044, 66, 4.83%, 0, 8, 8, 683.22
1555606521, 0, 978, 1288, 1045, 66, 4.83%, 0, 8, 8, 709.89
1555606526, 0, 980, 1288, 1044, 68, 4.83%, 0, 8, 8, 632.69
1555606542, 0, 987, 1288, 1043, 67, 4.83%, 0, 8, 8, 766.63
1555606547, 0, 990, 1290, 1044, 66, 4.85%, 0, 8, 8, 800.79
1555606552, 0, 992, 1291, 1044, 67, 4.85%, 0, 8, 8, 804.38
1555606557, 0, 993, 1291, 1043, 66, 4.85%, 0, 8, 8, 805.50
1555606562, 0, 996, 1292, 1043, 65, 4.85%, 0, 8, 8, 820.51
1555606567, 0, 1002, 1296, 1046, 64, 4.88%, 0, 8, 8, 776.03
1555606572, 0, 1004, 1300, 1049, 65, 4.90%, 0, 8, 8, 548.62
1555606577, 0, 1004, 1309, 1058, 65, 4.91%, 0, 8, 8, 534.19
1555606582, 0, 1007, 1310, 1058, 72, 4.91%, 0, 8, 8, 629.79
1555606588, 0, 1015, 1313, 1060, 72, 4.92%, 0, 8, 8, 728.51
1555606593, 0, 1015, 1314, 1061, 72, 4.92%, 0, 8, 8, 753.11
1555606598, 0, 1021, 1315, 1060, 73, 4.92%, 0, 8, 8, 758.34
1555606603, 0, 1021, 1320, 1065, 73, 4.93%, 0, 8, 8, 759.02
1555606608, 0, 1021, 1321, 1066, 73, 4.93%, 0, 8, 8, 733.00
1555606613, 0, 1023, 1324, 1068, 74, 4.93%, 0, 8, 8, 742.20
1555606618, 0, 1026, 1325, 1068, 75, 4.93%, 0, 8, 8, 670.59
1555606623, 0, 1029, 1325, 1067, 75, 4.93%, 0, 8, 8, 750.16
1555606628, 0, 1034, 1327, 1068, 74, 4.93%, 0, 8, 8, 777.31
1555606633, 0, 1042, 1329, 1069, 74, 4.93%, 0, 8, 8, 771.11
1555606638, 0, 1042, 1330, 1070, 74, 4.93%, 0, 8, 8, 811.47
1555606644, 0, 1043, 1330, 1069, 73, 4.93%, 0, 8, 8, 772.28
1555606649, 0, 1043, 1333, 1072, 73, 4.93%, 0, 8, 8, 768.47
1555606654, 0, 1043, 1335, 1074, 73, 4.93%, 0, 8, 8, 788.17
1555606675, 0, 1046, 1335, 1073, 72, 4.93%, 0, 8, 8, 799.61
1555606680, 0, 1046, 1336, 1074, 72, 4.93%, 0, 8, 8, 778.99
1555606685, 0, 1048, 1339, 1076, 71, 4.93%, 0, 8, 8, 785.27
1555606690, 0, 1048, 1341, 1078, 71, 4.93%, 0, 8, 8, 775.53
1555606700, 0, 1048, 1344, 1081, 71, 4.93%, 0, 8, 8, 790.17
1555606705, 0, 1048, 1345, 1082, 71, 4.93%, 0, 8, 8, 792.67
1555606716, 0, 1064, 1346, 1082, 71, 4.93%, 0, 9, 8, 91.38
1555606721, 0, 1064, 1353, 1089, 71, 4.93%, 0, 9, 8, 776.78
1555606727, 0, 1064, 1355, 1091, 71, 4.93%, 0, 9, 8, 771.04
1555606732, 0, 1064, 1357, 1093, 71, 4.93%, 0, 9, 8, 768.28
1555606737, 0, 1064, 1359, 1095, 71, 4.93%, 0, 9, 8, 781.81
1555606742, 0, 1064, 1361, 1097, 71, 4.95%, 0, 9, 8, 779.54
1555606747, 0, 1064, 1362, 1098, 71, 4.95%, 0, 9, 8, 777.58
1555606752, 0, 1068, 1363, 1098, 71, 4.95%, 0, 9, 8, 772.30
1555606757, 0, 1068, 1365, 1100, 71, 4.95%, 0, 10, 8, 774.59
1555606762, 0, 1074, 1366, 1100, 71, 4.95%, 0, 10, 8, 201.75
1555606768, 0, 1081, 1367, 1100, 71, 4.95%, 0, 10, 8, 621.09
1555606773, 0, 1081, 1369, 1102, 71, 4.95%, 0, 11, 8, 724.56
1555606778, 0, 1081, 1371, 1104, 71, 4.95%, 0, 11, 8, 772.10
1555606783, 0, 1081, 1373, 1106, 71, 4.95%, 0, 11, 8, 776.56
1555606793, 0, 1081, 1374, 1107, 71, 4.95%, 0, 11, 8, 780.41
1555606798, 0, 1085, 1374, 1106, 70, 4.95%, 0, 11, 8, 777.70
1555606803, 0, 1086, 1375, 1106, 69, 4.95%, 0, 11, 8, 766.32
1555606813, 0, 1088, 1376, 1106, 68, 4.95%, 0, 11, 8, 786.73
1555606818, 0, 1092, 1376, 1105, 67, 4.95%, 0, 11, 8, 787.24
1555606824, 0, 1096, 1376, 1103, 65, 4.95%, 0, 11, 8, 830.62
1555606829, 0, 1098, 1377, 1102, 64, 4.95%, 0, 11, 8, 827.46
1555606834, 0, 1099, 1377, 1101, 63, 4.95%, 0, 11, 8, 849.14
1555606839, 0, 1101, 1377, 1099, 61, 4.95%, 0, 11, 8, 836.94
1555606844, 0, 1103, 1378, 1098, 59, 4.97%, 0, 11, 8, 843.53
1555606849, 0, 1105, 1379, 1097, 58, 4.97%, 0, 11, 8, 825.84
1555606854, 0, 1105, 1381, 1099, 58, 4.99%, 0, 11, 8, 819.44
1555606865, 0, 1106, 1385, 1102, 60, 5.00%, 0, 11, 8, 834.33
1555606870, 0, 1107, 1385, 1101, 63, 5.00%, 0, 11, 8, 812.13
1555606875, 0, 1108, 1385, 1100, 62, 5.00%, 0, 11, 8, 812.99
1555606880, 0, 1111, 1385, 1098, 60, 5.00%, 0, 11, 8, 808.59
1555606885, 0, 1112, 1385, 1097, 59, 5.00%, 0, 11, 8, 801.47
1555606890, 0, 1112, 1386, 1098, 59, 5.00%, 0, 11, 8, 798.90
1555606895, 0, 1113, 1386, 1097, 58, 5.00%, 0, 11, 8, 808.26
1555606900, 0, 1131, 1387, 1097, 58, 5.02%, 0, 11, 8, 806.12
1555606905, 0, 1137, 1390, 1099, 57, 5.02%, 0, 11, 8, 798.64
1555606911, 0, 1159, 1400, 1108, 56, 5.02%, 0, 11, 8, 784.56
1555606916, 0, 1159, 1409, 1117, 56, 5.02%, 0, 11, 8, 791.72
1555606921, 0, 1159, 1411, 1119, 56, 5.02%, 0, 11, 8, 788.91
1555606926, 0, 1159, 1414, 1122, 56, 5.02%, 0, 11, 8, 781.17
1555606936, 0, 1159, 1415, 1123, 56, 5.02%, 0, 11, 8, 781.44
1555606941, 0, 1159, 1416, 1124, 56, 5.02%, 0, 11, 8, 771.68
1555606947, 0, 1159, 1417, 1125, 56, 5.02%, 0, 11, 8, 779.23
1555606952, 0, 1159, 1418, 1126, 56, 5.02%, 0, 11, 8, 771.48
1555606957, 0, 1169, 1420, 1127, 56, 5.02%, 0, 11, 8, 753.35
1555606967, 0, 1249, 1424, 1130, 55, 5.02%, 0, 11, 9, 728.67
1555606972, 0, 1249, 1426, 1132, 55, 5.02%, 0, 11, 9, 676.96
1555606977, 0, 1249, 1430, 1136, 55, 5.02%, 0, 11, 9, 686.00
1555606982, 0, 1249, 1431, 1137, 55, 5.02%, 0, 11, 9, 678.12
1555606998, 0, 1257, 1431, 1136, 55, 5.02%, 0, 11, 9, 690.18
1555607003, 0, 1257, 1434, 1139, 55, 5.02%, 0, 11, 9, 181.95
1555607008, 0, 1257, 1440, 1145, 55, 5.02%, 0, 11, 9, 588.45
1555607013, 0, 1257, 1442, 1147, 55, 5.02%, 0, 11, 9, 685.08
1555607023, 0, 1257, 1443, 1148, 55, 5.02%, 0, 11, 9, 675.56
1555607034, 0, 1265, 1449, 1153, 55, 5.02%, 0, 11, 9, 755.12
1555607039, 0, 1265, 1450, 1154, 55, 5.02%, 0, 11, 9, 805.05
1555607044, 0, 1268, 1450, 1153, 56, 5.02%, 0, 11, 9, 819.00
1555607054, 0, 1269, 1450, 1152, 55, 5.02%, 0, 11, 9, 807.41
1555607059, 0, 1270, 1450, 1151, 54, 5.02%, 0, 11, 9, 803.08
1555607064, 0, 1287, 1450, 1150, 53, 5.02%, 0, 11, 9, 611.87
1555607090, 0, 1287, 1457, 1157, 53, 5.02%, 0, 11, 9, 626.29
1555607095, 0, 1287, 1462, 1162, 53, 5.02%, 0, 11, 9, 646.10
1555607105, 0, 1287, 1463, 1163, 53, 5.02%, 0, 11, 9, 689.60
1555607110, 0, 1287, 1466, 1166, 53, 5.02%, 0, 11, 9, 665.35
1555607115, 0, 1287, 1467, 1167, 53, 5.02%, 0, 11, 9, 679.35
1555607120, 0, 1287, 1469, 1169, 53, 5.02%, 0, 11, 9, 687.73
1555607125, 0, 1288, 1471, 1170, 52, 5.02%, 0, 11, 9, 705.40
1555607130, 0, 1289, 1471, 1169, 51, 5.02%, 0, 11, 9, 788.12
1555607141, 0, 1294, 1475, 1172, 50, 5.03%, 0, 11, 9, 826.08
1555607146, 0, 1295, 1477, 1173, 51, 5.03%, 0, 11, 9, 805.55
1555607151, 0, 1297, 1479, 1174, 51, 5.03%, 0, 11, 9, 189.18
1555607156, 0, 1297, 1483, 1178, 51, 5.03%, 0, 11, 9, 656.61
1555607161, 0, 1297, 1486, 1181, 51, 5.03%, 0, 11, 9, 774.08
1555607166, 0, 1297, 1489, 1184, 51, 5.03%, 0, 11, 9, 782.35
1555607171, 0, 1297, 1490, 1185, 51, 5.03%, 0, 11, 9, 773.35
1555607177, 0, 1297, 1491, 1186, 51, 5.03%, 0, 11, 9, 775.42
1555607187, 0, 1300, 1496, 1190, 50, 5.03%, 0, 11, 9, 779.14
1555607192, 0, 1300, 1497, 1191, 50, 5.03%, 0, 11, 9, 784.26
1555607197, 0, 1300, 1498, 1192, 50, 5.03%, 0, 11, 9, 802.28
1555607207, 0, 1304, 1499, 1192, 49, 5.03%, 0, 11, 9, 797.91
1555607213, 0, 1305, 1500, 1192, 49, 5.03%, 0, 11, 9, 803.45
1555607218, 0, 1305, 1501, 1193, 49, 5.03%, 0, 11, 9, 789.57
1555607223, 0, 1305, 1504, 1196, 49, 5.04%, 0, 11, 9, 785.62
1555607233, 0, 1305, 1507, 1199, 49, 5.04%, 0, 12, 9, 61.71
1555607238, 0, 1305, 1508, 1200, 49, 5.04%, 0, 12, 9, 806.16
1555607244, 0, 1305, 1509, 1201, 49, 5.04%, 0, 13, 9, 120.93
1555607249, 0, 1311, 1511, 1202, 49, 5.04%, 0, 13, 9, 814.26
1555607254, 0, 1311, 1513, 1204, 49, 5.04%, 0, 13, 9, 780.76
1555607260, 0, 1313, 1515, 1205, 50, 5.04%, 0, 13, 9, 805.07
1555607265, 0, 1313, 1516, 1206, 50, 5.04%, 0, 13, 9, 797.85
1555607275, 0, 1314, 1516, 1205, 49, 5.04%, 0, 13, 9, 817.09
1555607280, 0, 1314, 1517, 1206, 49, 5.04%, 0, 13, 9, 808.16
1555607285, 0, 1319, 1517, 1205, 49, 5.04%, 0, 13, 9, 336.85
1555607290, 0, 1319, 1519, 1207, 49, 5.04%, 0, 13, 9, 690.08
1555607296, 0, 1319, 1520, 1208, 49, 5.04%, 0, 13, 9, 773.87
1555607301, 0, 1319, 1521, 1209, 49, 5.04%, 0, 13, 9, 793.80
1555607311, 0, 1319, 1522, 1210, 49, 5.04%, 0, 13, 9, 796.26
1555607321, 0, 1322, 1523, 1210, 49, 5.04%, 0, 13, 9, 789.27
1555607326, 0, 1323, 1523, 1209, 48, 5.04%, 0, 13, 9, 789.80
1555607331, 0, 1324, 1523, 1208, 47, 5.04%, 0, 13, 9, 793.28
1555607336, 0, 1324, 1525, 1210, 47, 5.04%, 0, 13, 9, 820.63
1555607342, 0, 1324, 1526, 1211, 47, 5.04%, 0, 13, 9, 798.44
1555607362, 0, 1326, 1526, 1210, 47, 5.04%, 0, 13, 9, 796.89
1555607367, 0, 1326, 1528, 1212, 47, 5.04%, 0, 13, 9, 805.35
1555607377, 0, 1337, 1528, 1211, 46, 5.04%, 0, 13, 9, 811.04
1555607383, 0, 1337, 1529, 1212, 46, 5.04%, 0, 13, 9, 811.85
1555607388, 0, 1337, 1530, 1213, 46, 5.04%, 0, 13, 9, 806.41
1555607398, 0, 1343, 1530, 1212, 44, 5.04%, 0, 13, 9, 799.83
1555607403, 0, 1343, 1532, 1214, 44, 5.04%, 0, 13, 9, 802.84
1555607413, 0, 1352, 1536, 1217, 43, 5.04%, 0, 13, 9, 726.69
1555607418, 0, 1352, 1547, 1228, 43, 5.04%, 0, 13, 9, 689.24
1555607423, 0, 1352, 1553, 1234, 43, 5.04%, 0, 13, 9, 757.43
1555607428, 0, 1352, 1556, 1237, 43, 5.04%, 0, 13, 9, 744.43
1555607434, 0, 1352, 1560, 1241, 43, 5.04%, 0, 13, 9, 752.96
1555607439, 0, 1352, 1564, 1245, 43, 5.04%, 0, 13, 9, 752.84
1555607444, 0, 1359, 1567, 1247, 46, 5.04%, 0, 14, 9, 736.55
1555607449, 0, 1359, 1568, 1248, 46, 5.04%, 0, 14, 9, 745.99
1555607454, 0, 1359, 1570, 1250, 46, 5.04%, 0, 14, 9, 770.28
1555607459, 0, 1359, 1572, 1252, 46, 5.04%, 0, 14, 9, 776.63
1555607475, 0, 1365, 1574, 1253, 47, 5.04%, 0, 14, 9, 793.31
1555607480, 0, 1376, 1574, 1252, 46, 5.04%, 0, 14, 9, 783.29
1555607485, 0, 1377, 1574, 1251, 45, 5.04%, 0, 14, 9, 785.14
1555607490, 0, 1378, 1574, 1250, 44, 5.04%, 0, 14, 9, 804.59
1555607495, 0, 1378, 1576, 1252, 44, 5.05%, 0, 14, 9, 726.95
1555607501, 0, 1378, 1577, 1253, 44, 5.05%, 0, 14, 9, 772.94
1555607511, 0, 1378, 1578, 1254, 44, 5.05%, 0, 14, 9, 768.64
1555607516, 0, 1378, 1579, 1255, 44, 5.05%, 0, 14, 9, 792.25
1555607526, 0, 1379, 1585, 1260, 44, 5.06%, 0, 14, 9, 754.29
1555607531, 0, 1379, 1588, 1263, 44, 5.06%, 0, 14, 9, 789.23
1555607536, 0, 1379, 1590, 1265, 44, 5.06%, 0, 14, 9, 769.68
1555607542, 0, 1379, 1591, 1266, 44, 5.06%, 0, 14, 9, 779.62
1555607547, 0, 1379, 1592, 1267, 44, 5.06%, 0, 14, 9, 795.97
1555607552, 0, 1380, 1592, 1266, 49, 5.06%, 0, 14, 9, 809.31
1555607562, 0, 1380, 1594, 1268, 49, 5.06%, 0, 14, 9, 821.21
1555607572, 0, 1381, 1604, 1277, 48, 5.10%, 0, 14, 9, 846.75
1555607577, 0, 1381, 1611, 1284, 48, 5.13%, 0, 14, 9, 858.71
1555607582, 0, 1382, 1614, 1286, 64, 5.14%, 0, 14, 9, 852.20
1555607587, 0, 1383, 1618, 1289, 66, 5.14%, 0, 14, 9, 839.94
1555607597, 0, 1384, 1621, 1291, 69, 5.15%, 0, 14, 9, 852.61
1555607608, 0, 1386, 1624, 1293, 71, 5.20%, 0, 14, 9, 805.83
1555607613, 0, 1392, 1625, 1293, 73, 5.20%, 0, 14, 9, 785.52
1555607618, 0, 1392, 1629, 1297, 73, 5.20%, 0, 14, 9, 777.28
1555607623, 0, 1440, 1632, 1299, 72, 5.20%, 0, 14, 10, 786.46
1555607628, 0, 1440, 1633, 1300, 72, 5.20%, 0, 14, 10, 788.51
1555607634, 0, 1440, 1634, 1301, 72, 5.20%, 0, 14, 10, 776.76
1555607649, 0, 1453, 1634, 1300, 72, 5.20%, 0, 14, 10, 635.87
1555607685, 0, 1453, 1636, 1302, 72, 5.20%, 0, 14, 10, 618.36
1555607690, 0, 1459, 1639, 1304, 72, 5.20%, 0, 14, 10, 220.70
1555607705, 0, 1459, 1653, 1318, 72, 5.20%, 0, 14, 10, 314.06
1555607736, 0, 1459, 1654, 1319, 72, 5.20%, 0, 14, 10, 257.74
1555607741, 0, 1459, 1656, 1321, 72, 5.20%, 0, 14, 10, 485.63
1555607746, 0, 1459, 1659, 1324, 72, 5.20%, 0, 14, 10, 548.41
1555607751, 0, 1459, 1661, 1326, 72, 5.20%, 0, 14, 10, 557.01
1555607756, 0, 1459, 1663, 1328, 72, 5.20%, 0, 14, 10, 566.95
1555607766, 0, 1459, 1664, 1329, 72, 5.20%, 0, 14, 10, 551.62
1555607772, 0, 1471, 1665, 1329, 74, 5.20%, 0, 14, 10, 622.21
1555607777, 0, 1471, 1666, 1330, 74, 5.20%, 0, 14, 10, 757.65
1555607782, 0, 1473, 1669, 1332, 73, 5.20%, 0, 14, 10, 769.87
1555607787, 0, 1473, 1680, 1343, 73, 5.20%, 0, 14, 10, 791.56
1555607792, 0, 1473, 1681, 1344, 73, 5.26%, 0, 14, 10, 795.14
1555607797, 0, 1473, 1684, 1347, 73, 5.26%, 0, 14, 10, 798.07
1555607813, 0, 1473, 1686, 1349, 73, 5.26%, 0, 14, 10, 818.91
1555607818, 0, 1474, 1689, 1351, 75, 5.26%, 0, 14, 10, 827.52
1555607823, 0, 1474, 1694, 1356, 75, 5.26%, 0, 14, 10, 819.59
1555607828, 0, 1474, 1695, 1357, 75, 5.26%, 0, 14, 10, 809.56
1555607838, 0, 1474, 1696, 1358, 75, 5.26%, 0, 14, 10, 803.81
1555607843, 0, 1474, 1697, 1359, 75, 5.26%, 0, 14, 10, 793.15
1555607848, 0, 1474, 1699, 1361, 75, 5.26%, 0, 14, 10, 797.60
1555607853, 0, 1476, 1699, 1360, 74, 5.26%, 0, 14, 10, 785.13
1555607858, 0, 1478, 1700, 1360, 73, 5.26%, 0, 14, 10, 811.93
1555607863, 0, 1478, 1706, 1366, 73, 5.26%, 0, 14, 10, 815.62
1555607879, 0, 1479, 1713, 1372, 72, 5.26%, 0, 14, 10, 767.55
1555607884, 0, 1479, 1714, 1373, 72, 5.26%, 0, 14, 10, 793.32
1555607889, 0, 1479, 1715, 1374, 72, 5.26%, 0, 14, 10, 775.67
1555607894, 0, 1479, 1717, 1376, 72, 5.26%, 0, 14, 10, 772.83
1555607899, 0, 1479, 1718, 1377, 72, 5.26%, 0, 14, 10, 782.87
1555607909, 0, 1479, 1719, 1378, 72, 5.26%, 0, 14, 10, 793.46
1555607915, 0, 1480, 1720, 1378, 71, 5.26%, 0, 14, 10, 786.63
1555607920, 0, 1480, 1721, 1379, 71, 5.26%, 0, 14, 10, 791.73
1555607925, 0, 1492, 1723, 1380, 70, 5.26%, 0, 14, 10, 754.26
1555607930, 0, 1492, 1726, 1383, 70, 5.26%, 0, 14, 10, 686.27
1555607956, 0, 1492, 1727, 1384, 70, 5.26%, 0, 14, 10, 799.27
1555607961, 0, 1495, 1728, 1384, 69, 5.26%, 0, 14, 10, 777.02
1555607966, 0, 1495, 1729, 1385, 69, 5.26%, 0, 14, 10, 775.84
1555607971, 0, 1498, 1731, 1386, 68, 5.26%, 0, 14, 10, 768.64
1555607976, 0, 1498, 1734, 1389, 68, 5.26%, 0, 14, 10, 792.31
1555607987, 0, 1498, 1735, 1390, 68, 5.26%, 0, 14, 10, 798.10
1555608007, 0, 1500, 1741, 1395, 67, 5.26%, 0, 14, 10, 771.52
1555608012, 0, 1500, 1743, 1397, 67, 5.26%, 0, 14, 10, 645.17
1555608017, 0, 1500, 1745, 1399, 67, 5.26%, 0, 14, 10, 764.43
1555608023, 0, 1500, 1746, 1400, 67, 5.26%, 0, 14, 10, 789.59
1555608038, 0, 1500, 1748, 1402, 67, 5.26%, 0, 14, 10, 776.04
1555608043, 0, 1511, 1748, 1401, 67, 5.26%, 0, 15, 10, 803.28
1555608048, 0, 1512, 1748, 1400, 66, 5.26%, 0, 15, 10, 800.25
1555608058, 0, 1515, 1748, 1399, 65, 5.26%, 0, 15, 10, 802.59
1555608064, 0, 1516, 1749, 1399, 64, 5.26%, 0, 15, 10, 792.31
1555608069, 0, 1519, 1759, 1408, 64, 5.26%, 0, 15, 10, 778.17
1555608079, 0, 1523, 1759, 1407, 68, 5.26%, 0, 15, 10, 798.01
1555608084, 0, 1528, 1759, 1406, 67, 5.26%, 0, 15, 10, 812.85
1555608089, 0, 1537, 1759, 1405, 66, 5.26%, 0, 15, 10, 717.25
1555608094, 0, 1537, 1761, 1407, 66, 5.26%, 0, 15, 10, 756.35
1555608099, 0, 1537, 1764, 1410, 66, 5.26%, 0, 15, 10, 782.06
1555608109, 0, 1537, 1765, 1411, 66, 5.26%, 0, 15, 10, 769.51
1555608114, 0, 1537, 1766, 1412, 66, 5.26%, 0, 15, 10, 783.72
1555608120, 0, 1543, 1767, 1412, 65, 5.26%, 0, 15, 10, 538.16
1555608125, 0, 1543, 1769, 1414, 65, 5.26%, 0, 15, 10, 745.43
1555608145, 0, 1551, 1771, 1415, 64, 5.26%, 0, 15, 10, 608.47
1555608150, 0, 1551, 1778, 1422, 64, 5.26%, 0, 15, 10, 531.15
1555608156, 0, 1551, 1789, 1433, 64, 5.26%, 0, 15, 10, 605.03
1555608161, 0, 1551, 1795, 1439, 64, 5.26%, 0, 15, 10, 681.87
1555608166, 0, 1551, 1799, 1443, 64, 5.26%, 0, 15, 10, 722.69
1555608171, 0, 1551, 1802, 1446, 64, 5.26%, 0, 15, 10, 703.41
1555608176, 0, 1551, 1806, 1450, 64, 5.26%, 0, 15, 10, 709.47
1555608181, 0, 1551, 1809, 1453, 64, 5.26%, 0, 15, 10, 692.14
1555608191, 0, 1551, 1813, 1457, 64, 5.26%, 0, 15, 10, 685.30
1555608196, 0, 1565, 1816, 1459, 67, 5.27%, 0, 16, 10, 687.23
1555608202, 0, 1565, 1818, 1461, 67, 5.27%, 0, 16, 10, 746.08
1555608207, 0, 1565, 1820, 1463, 67, 5.27%, 0, 16, 10, 776.26
1555608217, 0, 1565, 1821, 1464, 67, 5.27%, 0, 16, 10, 770.55
1555608222, 0, 1565, 1823, 1466, 67, 5.27%, 0, 16, 10, 778.61
1555608227, 0, 1565, 1825, 1468, 67, 5.27%, 0, 16, 10, 778.45
1555608233, 0, 1566, 1825, 1467, 69, 5.27%, 0, 17, 10, 55.35
1555608238, 0, 1566, 1825, 1467, 69, 5.27%, 0, 18, 10, 720.53
1555608243, 0, 1566, 1826, 1468, 69, 5.27%, 0, 18, 10, 767.56
1555608248, 0, 1566, 1827, 1469, 69, 5.27%, 0, 18, 10, 773.80
1555608263, 0, 1567, 1828, 1469, 68, 5.27%, 0, 18, 10, 806.32
1555608268, 0, 1567, 1830, 1471, 68, 5.27%, 0, 18, 10, 805.07
1555608273, 0, 1567, 1832, 1473, 68, 5.27%, 0, 18, 10, 820.00
1555608278, 0, 1567, 1833, 1474, 68, 5.27%, 0, 18, 10, 787.48
1555608299, 0, 1574, 1834, 1474, 67, 5.30%, 0, 18, 10, 759.41
1555608304, 0, 1574, 1837, 1477, 67, 5.30%, 0, 18, 10, 757.81
1555608319, 0, 1574, 1838, 1478, 67, 5.30%, 0, 18, 10, 779.40
1555608324, 0, 1579, 1840, 1479, 67, 5.30%, 0, 18, 10, 737.77
1555608334, 0, 1580, 1841, 1479, 66, 5.30%, 0, 18, 10, 724.77
1555608344, 0, 1580, 1842, 1480, 66, 5.30%, 0, 18, 10, 784.78
1555608350, 0, 1581, 1844, 1481, 66, 5.31%, 0, 18, 10, 734.35
1555608355, 0, 1581, 1846, 1483, 66, 5.31%, 0, 18, 10, 770.09
1555608370, 0, 1581, 1847, 1484, 66, 5.31%, 0, 18, 10, 779.39
1555608375, 0, 1582, 1848, 1484, 67, 5.31%, 0, 18, 10, 758.08
1555608380, 0, 1582, 1849, 1485, 67, 5.31%, 0, 18, 10, 780.50
1555608385, 0, 1583, 1852, 1487, 68, 5.31%, 0, 18, 10, 750.70
1555608395, 0, 1584, 1854, 1488, 70, 5.31%, 0, 18, 10, 787.16
1555608401, 0, 1594, 1854, 1487, 70, 5.31%, 0, 18, 10, 827.83
1555608411, 0, 1595, 1856, 1488, 69, 5.32%, 0, 18, 10, 846.65
1555608421, 0, 1596, 1857, 1488, 69, 5.32%, 0, 18, 10, 866.41
1555608426, 0, 1597, 1857, 1487, 69, 5.32%, 0, 18, 10, 849.79
1555608437, 0, 1598, 1857, 1486, 68, 5.32%, 0, 18, 10, 856.52
1555608447, 0, 1599, 1857, 1485, 67, 5.32%, 0, 18, 10, 873.67
1555608452, 0, 1600, 1857, 1484, 66, 5.32%, 0, 18, 10, 850.43
1555608462, 0, 1601, 1857, 1483, 65, 5.32%, 0, 18, 10, 845.67
1555608472, 0, 1602, 1858, 1483, 65, 5.32%, 0, 18, 10, 853.24
1555608483, 0, 1603, 1858, 1482, 64, 5.32%, 0, 18, 10, 859.11
1555608493, 0, 1604, 1858, 1481, 63, 5.32%, 0, 18, 10, 857.59
1555608498, 0, 1605, 1858, 1480, 62, 5.32%, 0, 18, 10, 848.82
1555608508, 0, 1606, 1858, 1479, 61, 5.32%, 0, 18, 10, 849.45
1555608518, 0, 1607, 1858, 1478, 60, 5.32%, 0, 18, 10, 846.03
1555608529, 0, 1608, 1858, 1477, 59, 5.32%, 0, 18, 10, 860.77
1555608534, 0, 1609, 1858, 1476, 58, 5.32%, 0, 18, 10, 816.83
1555608544, 0, 1610, 1858, 1475, 57, 5.32%, 0, 18, 10, 815.04
1555608554, 0, 1611, 1859, 1475, 56, 5.32%, 0, 18, 10, 824.91
1555608564, 0, 1612, 1859, 1474, 55, 5.32%, 0, 18, 10, 833.62
1555608569, 0, 1613, 1859, 1473, 54, 5.32%, 0, 18, 10, 832.83
1555608580, 0, 1614, 1859, 1472, 53, 5.32%, 0, 18, 10, 845.53
1555608590, 0, 1615, 1859, 1471, 52, 5.32%, 0, 18, 10, 840.49
1555608600, 0, 1616, 1859, 1470, 51, 5.32%, 0, 18, 10, 846.89
1555608605, 0, 1617, 1859, 1469, 50, 5.32%, 0, 18, 10, 851.08
1555608615, 0, 1618, 1859, 1468, 49, 5.32%, 0, 18, 10, 846.81
1555608625, 0, 1619, 1859, 1467, 48, 5.32%, 0, 18, 10, 848.79
1555608635, 0, 1620, 1859, 1466, 47, 5.32%, 0, 18, 10, 846.54
1555608640, 0, 1621, 1859, 1465, 46, 5.32%, 0, 18, 10, 855.68
1555608651, 0, 1622, 1859, 1464, 45, 5.32%, 0, 18, 10, 819.14
1555608656, 0, 1626, 1861, 1465, 44, 5.32%, 0, 19, 10, 334.06
1555608661, 0, 1626, 1864, 1468, 44, 5.32%, 0, 19, 10, 669.55
1555608666, 0, 1626, 1866, 1470, 44, 5.32%, 0, 19, 10, 794.18
1555608686, 0, 1629, 1867, 1470, 44, 5.32%, 0, 19, 11, 805.51
1555608691, 0, 1654, 1867, 1469, 43, 5.32%, 0, 19, 11, 746.05
1555608696, 0, 1654, 1874, 1476, 43, 5.32%, 0, 19, 11, 390.00
1555608701, 0, 1654, 1876, 1478, 43, 5.32%, 0, 19, 11, 302.68
1555608712, 0, 1654, 1882, 1484, 43, 5.32%, 0, 19, 11, 273.76
1555608722, 0, 1654, 1892, 1494, 43, 5.32%, 0, 19, 11, 287.24
1555608752, 0, 1654, 1896, 1498, 43, 5.34%, 0, 19, 11, 421.23
1555608763, 0, 1663, 1897, 1498, 45, 5.34%, 0, 19, 11, 310.62
1555608768, 0, 1663, 1898, 1499, 45, 5.34%, 0, 19, 11, 254.28
1555608778, 0, 1663, 1899, 1500, 45, 5.34%, 0, 19, 11, 249.76
1555608783, 0, 1663, 1901, 1502, 45, 5.34%, 0, 19, 11, 234.88
1555608824, 0, 1663, 1902, 1503, 45, 5.35%, 0, 19, 11, 250.16
1555608829, 0, 1663, 1903, 1504, 45, 5.35%, 0, 19, 11, 251.63
1555608834, 0, 1663, 1906, 1507, 45, 5.35%, 0, 19, 11, 418.82
1555608844, 0, 1663, 1908, 1509, 45, 5.35%, 0, 19, 11, 504.28
1555608849, 0, 1663, 1910, 1511, 45, 5.35%, 0, 19, 11, 475.85
1555608855, 0, 1663, 1913, 1514, 45, 5.35%, 0, 19, 11, 475.39
1555608865, 0, 1663, 1915, 1516, 45, 5.35%, 0, 19, 11, 478.85
1555608870, 0, 1676, 1916, 1516, 44, 5.35%, 0, 19, 11, 561.01
1555608875, 0, 1676, 1921, 1521, 44, 5.35%, 0, 19, 11, 776.71
1555608880, 0, 1676, 1922, 1522, 44, 5.35%, 0, 19, 11, 766.96
1555608891, 0, 1676, 1923, 1523, 44, 5.35%, 0, 19, 11, 729.09
1555608896, 0, 1676, 1924, 1524, 44, 5.35%, 0, 19, 11, 736.29
1555608906, 0, 1680, 1924, 1523, 44, 5.35%, 0, 19, 11, 745.44
1555608911, 0, 1680, 1925, 1524, 44, 5.35%, 0, 19, 11, 774.93
1555608921, 0, 1681, 1928, 1526, 44, 5.35%, 0, 19, 11, 94.83
1555608926, 0, 1681, 1929, 1527, 44, 5.35%, 0, 19, 11, 718.90
1555608931, 0, 1681, 1931, 1529, 44, 5.35%, 0, 19, 11, 700.72
1555608936, 0, 1681, 1933, 1531, 44, 5.35%, 0, 19, 11, 702.85
1555608941, 0, 1681, 1934, 1532, 44, 5.35%, 0, 19, 11, 710.19
1555608952, 0, 1686, 1935, 1532, 43, 5.35%, 0, 19, 11, 738.05
1555608957, 0, 1748, 1936, 1532, 43, 5.35%, 0, 19, 11, 671.23
1555608962, 0, 1748, 1937, 1533, 43, 5.35%, 0, 19, 11, 413.43
1555608972, 0, 1750, 1945, 1540, 42, 5.35%, 0, 19, 11, 685.15
1555608977, 0, 1750, 1946, 1541, 42, 5.35%, 0, 19, 11, 760.82
1555608982, 0, 1750, 1949, 1544, 42, 5.35%, 0, 19, 11, 751.67
1555608987, 0, 1750, 1950, 1545, 42, 5.35%, 0, 19, 11, 753.53
1555608997, 0, 1750, 1952, 1547, 42, 5.35%, 0, 19, 11, 755.80
1555609002, 0, 1750, 1955, 1550, 42, 5.35%, 0, 19, 11, 753.22
1555609008, 0, 1751, 1956, 1550, 41, 5.35%, 0, 19, 11, 744.95
1555609013, 0, 1751, 1957, 1551, 41, 5.35%, 0, 19, 11, 743.92
1555609018, 0, 1752, 1959, 1552, 41, 5.35%, 0, 19, 11, 709.05
1555609023, 0, 1753, 1960, 1552, 40, 5.35%, 0, 19, 11, 740.89
1555609028, 0, 1753, 1962, 1554, 40, 5.35%, 0, 19, 11, 739.16
1555609033, 0, 1755, 1967, 1558, 40, 5.36%, 0, 19, 11, 729.98
1555609038, 0, 1755, 1969, 1560, 40, 5.36%, 0, 19, 11, 693.39
1555609043, 0, 1755, 1973, 1564, 40, 5.36%, 0, 19, 11, 718.71
1555609053, 0, 1755, 1974, 1565, 40, 5.36%, 0, 19, 11, 713.67
1555609059, 0, 1755, 1975, 1566, 40, 5.36%, 0, 19, 11, 136.59
1555609069, 0, 1756, 1976, 1566, 42, 5.36%, 0, 19, 11, 728.36
1555609079, 0, 1756, 1977, 1567, 42, 5.36%, 0, 19, 11, 768.52
1555609084, 0, 1756, 1978, 1568, 42, 5.36%, 0, 19, 11, 763.34
1555609100, 0, 1773, 1979, 1568, 41, 5.36%, 0, 19, 11, 623.71
1555609110, 0, 1773, 1982, 1571, 41, 5.36%, 0, 19, 11, 594.23
1555609115, 0, 1773, 1987, 1576, 41, 5.36%, 0, 19, 11, 657.91
1555609120, 0, 1773, 1988, 1577, 41, 5.36%, 0, 19, 11, 662.97
1555609125, 0, 1773, 1989, 1578, 41, 5.36%, 0, 19, 11, 668.49
1555609130, 0, 1773, 1990, 1579, 41, 5.36%, 0, 19, 11, 683.12
1555609136, 0, 1773, 1991, 1580, 41, 5.36%, 0, 19, 11, 700.13
1555609146, 0, 1789, 1991, 1579, 41, 5.36%, 0, 19, 11, 644.31
1555609171, 0, 1789, 1993, 1581, 41, 5.36%, 0, 19, 11, 555.57
1555609176, 0, 1796, 1996, 1583, 41, 5.36%, 0, 19, 11, 474.91
1555609181, 0, 1796, 1998, 1585, 41, 5.36%, 0, 19, 11, 404.74
1555609191, 0, 1796, 1999, 1586, 41, 5.36%, 0, 19, 11, 613.08
1555609197, 0, 1796, 2001, 1588, 41, 5.36%, 0, 19, 11, 656.47
1555609202, 0, 1796, 2004, 1591, 41, 5.36%, 0, 19, 11, 651.95
1555609207, 0, 1796, 2006, 1593, 41, 5.36%, 0, 19, 11, 657.96
1555609212, 0, 1796, 2007, 1594, 41, 5.36%, 0, 19, 11, 653.18
1555609217, 0, 1796, 2008, 1595, 41, 5.36%, 0, 19, 11, 679.00
1555609232, 0, 1799, 2011, 1597, 41, 5.36%, 0, 19, 11, 408.54
1555609248, 0, 1799, 2015, 1601, 41, 5.36%, 0, 19, 11, 337.71
1555609263, 0, 1799, 2016, 1602, 41, 5.36%, 0, 19, 11, 423.13
1555609268, 0, 1799, 2019, 1605, 41, 5.36%, 0, 19, 11, 421.66
1555609273, 0, 1799, 2020, 1606, 41, 5.36%, 0, 19, 11, 519.47
1555609278, 0, 1799, 2025, 1611, 41, 5.36%, 0, 19, 11, 523.12
1555609283, 0, 1799, 2026, 1612, 41, 5.36%, 0, 19, 11, 551.14
1555609293, 0, 1799, 2027, 1613, 41, 5.36%, 0, 19, 11, 507.97
1555609298, 0, 1799, 2028, 1614, 41, 5.36%, 0, 19, 11, 505.24
1555609303, 0, 1799, 2031, 1617, 41, 5.36%, 0, 19, 11, 543.68
1555609308, 0, 1799, 2033, 1619, 41, 5.36%, 0, 19, 11, 539.24
1555609313, 0, 1799, 2036, 1622, 41, 5.36%, 0, 19, 11, 563.53
1555609318, 0, 1808, 2039, 1624, 42, 5.36%, 0, 19, 11, 551.21
1555609339, 0, 1815, 2039, 1623, 42, 5.36%, 0, 19, 11, 649.02
1555609344, 0, 1815, 2040, 1624, 42, 5.36%, 0, 19, 11, 747.57
1555609349, 0, 1815, 2041, 1625, 42, 5.36%, 0, 19, 11, 747.06
1555609359, 0, 1818, 2042, 1625, 41, 5.36%, 0, 19, 11, 793.05
1555609364, 0, 1818, 2044, 1627, 41, 5.37%, 0, 19, 11, 773.04
1555609369, 0, 1822, 2044, 1626, 42, 5.37%, 0, 20, 11, 697.72
1555609374, 0, 1822, 2046, 1628, 42, 5.37%, 0, 20, 11, 751.39
1555609389, 0, 1822, 2047, 1629, 42, 5.37%, 0, 20, 11, 727.47
1555609401, 0, 1830, 2049, 1630, 41, 5.37%, 0, 21, 11, 90.01
1555609406, 0, 1830, 2050, 1631, 41, 5.37%, 0, 21, 11, 680.28
1555609411, 0, 1840, 2050, 1630, 42, 5.37%, 0, 21, 11, 722.28
1555609416, 0, 1840, 2052, 1632, 42, 5.37%, 0, 21, 11, 776.89
1555609426, 0, 1842, 2054, 1633, 42, 5.37%, 0, 21, 11, 686.79
1555609431, 0, 1842, 2056, 1635, 42, 5.37%, 0, 21, 11, 719.35
1555609442, 0, 1842, 2058, 1637, 42, 5.37%, 0, 21, 11, 759.43
1555609452, 0, 1843, 2059, 1637, 42, 5.37%, 0, 21, 11, 727.78
1555609462, 0, 1846, 2060, 1637, 42, 5.37%, 0, 21, 11, 752.37
1555609467, 0, 1846, 2062, 1639, 42, 5.37%, 0, 21, 11, 738.76
1555609477, 0, 1846, 2063, 1640, 42, 5.38%, 0, 21, 11, 767.76
1555609487, 0, 1847, 2063, 1639, 42, 5.38%, 0, 21, 11, 684.83
1555609497, 0, 1848, 2064, 1639, 41, 5.38%, 0, 21, 11, 46.44
1555609502, 0, 1848, 2065, 1640, 41, 5.38%, 0, 21, 11, 780.07
1555609508, 0, 1849, 2065, 1639, 40, 5.38%, 0, 21, 11, 572.43
1555609513, 0, 1849, 2067, 1641, 40, 5.38%, 0, 21, 11, 729.77
1555609518, 0, 1849, 2068, 1642, 40, 5.38%, 0, 21, 11, 716.68
1555609528, 0, 1849, 2069, 1643, 40, 5.38%, 0, 21, 11, 735.02
1555609533, 0, 1850, 2071, 1644, 39, 5.38%, 0, 21, 11, 684.19
1555609543, 0, 1850, 2072, 1645, 39, 5.38%, 0, 21, 11, 748.75
1555609548, 0, 1851, 2072, 1644, 38, 5.38%, 0, 21, 11, 741.92
1555609553, 0, 1851, 2073, 1645, 38, 5.38%, 0, 21, 11, 756.29
1555609558, 0, 1852, 2074, 1645, 38, 5.38%, 0, 21, 11, 759.29
1555609564, 0, 1855, 2074, 1644, 37, 5.38%, 0, 21, 11, 799.10
1555609574, 0, 1856, 2074, 1643, 36, 5.38%, 0, 21, 11, 807.40
1555609584, 0, 1857, 2075, 1643, 35, 5.38%, 0, 21, 11, 829.72
1555609589, 0, 1893, 2078, 1645, 35, 5.38%, 0, 21, 12, 466.17
1555609594, 0, 1893, 2079, 1646, 35, 5.39%, 0, 21, 12, 309.18
1555609614, 0, 1893, 2082, 1649, 35, 5.39%, 0, 21, 12, 285.56
1555609645, 0, 1893, 2085, 1652, 35, 5.39%, 0, 21, 12, 439.85
1555609650, 0, 1893, 2087, 1654, 35, 5.39%, 0, 21, 12, 506.48
1555609655, 0, 1893, 2089, 1656, 35, 5.39%, 0, 21, 12, 478.39
1555609661, 0, 1893, 2091, 1658, 35, 5.39%, 0, 21, 12, 543.42
1555609671, 0, 1893, 2094, 1661, 35, 5.39%, 0, 21, 12, 524.38
1555609681, 0, 1896, 2095, 1661, 35, 5.39%, 0, 21, 12, 359.43
1555609691, 0, 1896, 2096, 1662, 35, 5.39%, 0, 21, 12, 298.17
1555609696, 0, 1896, 2098, 1664, 35, 5.39%, 0, 21, 12, 301.24
1555609742, 0, 1918, 2099, 1664, 34, 5.39%, 0, 21, 12, 643.68
1555609747, 0, 1918, 2102, 1667, 34, 5.39%, 0, 21, 12, 735.79
1555609772, 0, 1918, 2103, 1668, 34, 5.39%, 0, 21, 12, 694.37
1555609783, 0, 1955, 2106, 1670, 33, 5.39%, 0, 21, 12, 687.70
1555609788, 0, 1955, 2107, 1671, 33, 5.39%, 0, 21, 12, 739.67
1555609793, 0, 1955, 2110, 1674, 33, 5.39%, 0, 21, 12, 767.67
1555609798, 0, 1955, 2111, 1675, 33, 5.39%, 0, 21, 12, 782.01
1555609808, 0, 1955, 2112, 1676, 33, 5.39%, 0, 21, 12, 692.65
1555609813, 0, 1955, 2113, 1677, 33, 5.39%, 0, 21, 12, 687.37
1555609818, 0, 1960, 2113, 1676, 32, 5.39%, 0, 21, 12, 680.74
1555609823, 0, 1960, 2114, 1677, 32, 5.39%, 0, 21, 12, 684.16
1555609833, 0, 1963, 2116, 1678, 31, 5.39%, 0, 21, 12, 648.31
1555609838, 0, 1963, 2119, 1681, 31, 5.39%, 0, 21, 12, 656.90
1555609848, 0, 1963, 2121, 1683, 31, 5.39%, 0, 21, 12, 761.48
1555609864, 0, 1963, 2121, 1683, 31, 5.39%, 0, 22, 12, 755.41
1555609869, 0, 1964, 2122, 1683, 31, 5.39%, 0, 22, 12, 668.29
1555609874, 0, 1964, 2123, 1684, 31, 5.39%, 0, 22, 12, 699.16
1555609884, 0, 1981, 2123, 1683, 30, 5.39%, 0, 22, 12, 719.10
1555609889, 0, 1981, 2126, 1686, 30, 5.39%, 0, 22, 12, 479.48
1555609899, 0, 1981, 2128, 1688, 30, 5.39%, 0, 22, 12, 421.81
1555609909, 0, 1981, 2129, 1689, 30, 5.39%, 0, 22, 12, 538.05
1555609914, 0, 1981, 2130, 1690, 30, 5.39%, 0, 22, 12, 595.89
1555609920, 0, 1990, 2130, 1689, 30, 5.39%, 0, 22, 12, 691.50
1555609925, 0, 1990, 2131, 1690, 30, 5.39%, 0, 22, 12, 755.35
1555609930, 0, 1990, 2133, 1692, 30, 5.39%, 0, 22, 12, 695.91
1555609935, 0, 1990, 2135, 1694, 30, 5.39%, 0, 22, 12, 699.56
1555609960, 0, 2000, 2135, 1693, 29, 5.39%, 0, 22, 12, 427.24
1555609965, 0, 2000, 2136, 1694, 29, 5.39%, 0, 22, 12, 285.20
1555609970, 0, 2000, 2137, 1695, 29, 5.39%, 0, 22, 12, 379.59
1555609975, 0, 2000, 2138, 1696, 29, 5.39%, 0, 22, 12, 272.89
1555609995, 0, 2000, 2139, 1697, 29, 5.39%, 0, 22, 12, 441.93
1555610001, 0, 2000, 2140, 1698, 29, 5.39%, 0, 22, 12, 503.34
1555610006, 0, 2000, 2143, 1701, 29, 5.39%, 0, 22, 12, 548.55
1555610011, 0, 2000, 2144, 1702, 29, 5.39%, 0, 22, 12, 551.07
1555610021, 0, 2000, 2145, 1703, 29, 5.39%, 0, 22, 12, 151.85
1555610026, 0, 2005, 2145, 1702, 30, 5.39%, 0, 22, 12, 477.08
1555610031, 0, 2005, 2145, 1702, 30, 5.39%, 0, 23, 12, 572.12
1555610036, 0, 2005, 2146, 1703, 30, 5.39%, 0, 23, 12, 585.49
1555610041, 0, 2035, 2146, 1702, 29, 5.39%, 0, 23, 12, 161.45
1555610051, 0, 2035, 2148, 1704, 29, 5.39%, 0, 23, 12, 241.78
1555610072, 0, 2035, 2149, 1705, 29, 5.39%, 0, 23, 12, 206.17
1555610077, 0, 2035, 2152, 1708, 29, 5.39%, 0, 23, 12, 213.00
1555610087, 0, 2035, 2153, 1709, 29, 5.39%, 0, 23, 12, 211.11
1555610123, 0, 2035, 2154, 1710, 29, 5.39%, 0, 23, 12, 269.76
1555610128, 0, 2035, 2155, 1711, 29, 5.39%, 0, 23, 12, 253.94
1555610134, 0, 2035, 2160, 1716, 29, 5.39%, 0, 23, 12, 403.73
1555610139, 0, 2035, 2163, 1719, 29, 5.39%, 0, 23, 12, 410.31
1555610144, 0, 2035, 2165, 1721, 29, 5.39%, 0, 23, 12, 400.64
1555610149, 0, 2035, 2167, 1723, 29, 5.39%, 0, 23, 12, 444.46
1555610154, 0, 2035, 2168, 1724, 29, 5.39%, 0, 23, 12, 444.22
1555610169, 0, 2035, 2169, 1725, 29, 5.39%, 0, 23, 12, 476.52
1555610174, 0, 2041, 2172, 1727, 29, 5.40%, 0, 23, 12, 684.03
1555610180, 0, 2042, 2172, 1726, 31, 5.40%, 0, 23, 12, 712.08
1555610190, 0, 2043, 2172, 1725, 30, 5.40%, 0, 23, 12, 709.48
1555610195, 0, 2050, 2172, 1724, 29, 5.40%, 0, 23, 12, 765.34
1555610205, 0, 2058, 2174, 1725, 28, 5.40%, 0, 23, 12, 708.22
1555610215, 0, 2060, 2174, 1724, 28, 5.40%, 0, 23, 12, 640.59
1555610220, 0, 2060, 2175, 1725, 28, 5.40%, 0, 23, 12, 632.64
1555610225, 0, 2060, 2176, 1726, 28, 5.40%, 0, 23, 12, 690.94
1555610230, 0, 2060, 2178, 1728, 28, 5.40%, 0, 23, 12, 753.78
1555610236, 0, 2062, 2181, 1730, 29, 5.40%, 0, 23, 12, 801.05
1555610246, 0, 2062, 2189, 1738, 29, 5.41%, 0, 23, 12, 801.58
1555610251, 0, 2062, 2190, 1739, 29, 5.41%, 0, 23, 12, 748.13
1555610256, 0, 2062, 2191, 1740, 29, 5.41%, 0, 23, 12, 668.91
1555610261, 0, 2062, 2192, 1741, 29, 5.41%, 0, 23, 12, 679.24
1555610276, 0, 2063, 2192, 1740, 32, 5.41%, 0, 23, 12, 603.31
1555610287, 0, 2064, 2195, 1742, 31, 5.41%, 0, 23, 12, 657.17
1555610292, 0, 2070, 2195, 1741, 32, 5.41%, 0, 23, 12, 682.52
1555610302, 0, 2072, 2196, 1741, 31, 5.41%, 0, 23, 12, 725.99
1555610307, 0, 2072, 2198, 1743, 31, 5.41%, 0, 23, 12, 738.02
1555610317, 0, 2087, 2201, 1744, 32, 5.42%, 0, 23, 13, 761.30
1555610332, 0, 2087, 2202, 1745, 32, 5.42%, 0, 23, 13, 672.65
1555610343, 0, 2103, 2203, 1745, 32, 5.42%, 0, 23, 13, 747.10
1555610353, 0, 2115, 2207, 1748, 31, 5.42%, 0, 23, 13, 723.77
1555610358, 0, 2115, 2209, 1750, 31, 5.42%, 0, 23, 13, 668.47
1555610363, 0, 2115, 2211, 1752, 31, 5.42%, 0, 23, 13, 703.24
1555610368, 0, 2115, 2212, 1753, 31, 5.42%, 0, 23, 13, 665.76
1555610373, 0, 2115, 2213, 1754, 31, 5.42%, 0, 23, 13, 648.48
1555610383, 0, 2120, 2213, 1753, 30, 5.42%, 0, 23, 13, 662.03
1555610388, 0, 2120, 2216, 1756, 30, 5.42%, 0, 23, 13, 650.25
1555610393, 0, 2120, 2222, 1762, 30, 5.42%, 0, 23, 13, 677.55
1555610398, 0, 2120, 2224, 1764, 30, 5.42%, 0, 23, 13, 690.80
1555610403, 0, 2120, 2228, 1768, 30, 5.42%, 0, 23, 13, 717.04
1555610408, 0, 2120, 2230, 1770, 30, 5.42%, 0, 23, 13, 688.74
1555610418, 0, 2120, 2232, 1772, 30, 5.42%, 0, 23, 13, 722.49
1555610429, 0, 2127, 2232, 1771, 32, 5.42%, 0, 23, 13, 464.65
1555610439, 0, 2127, 2234, 1773, 32, 5.42%, 0, 23, 13, 428.93
1555610454, 0, 2127, 2236, 1775, 32, 5.42%, 0, 23, 13, 637.47
1555610464, 0, 2136, 2236, 1774, 31, 5.42%, 0, 23, 13, 498.17
1555610505, 0, 2136, 2237, 1775, 31, 5.42%, 0, 23, 13, 461.31
1555610510, 0, 2142, 2238, 1775, 30, 5.42%, 0, 23, 13, 277.53
1555610526, 0, 2142, 2239, 1776, 30, 5.42%, 0, 23, 13, 255.70
1555610572, 0, 2142, 2241, 1778, 30, 5.42%, 0, 23, 13, 366.77
1555610592, 0, 2148, 2241, 1777, 30, 5.42%, 0, 23, 13, 318.20
1555610597, 0, 2148, 2243, 1779, 30, 5.42%, 0, 23, 13, 258.63
1555610618, 0, 2148, 2245, 1781, 30, 5.42%, 0, 23, 13, 260.16
1555610628, 0, 2148, 2248, 1784, 30, 5.42%, 0, 23, 13, 257.74
1555610663, 0, 2148, 2249, 1785, 30, 5.42%, 0, 23, 13, 292.96
1555610668, 0, 2148, 2250, 1786, 30, 5.42%, 0, 23, 13, 278.05
1555610673, 0, 2148, 2253, 1789, 30, 5.42%, 0, 23, 13, 382.06
1555610678, 0, 2148, 2258, 1794, 30, 5.42%, 0, 23, 13, 479.25
1555610683, 0, 2148, 2262, 1798, 30, 5.42%, 0, 23, 13, 487.38
1555610694, 0, 2148, 2263, 1799, 30, 5.42%, 0, 23, 13, 445.96
1555610699, 0, 2148, 2266, 1802, 30, 5.42%, 0, 23, 13, 478.46
1555610704, 0, 2148, 2268, 1804, 30, 5.42%, 0, 23, 13, 499.01
1555610714, 0, 2166, 2269, 1804, 30, 5.42%, 0, 23, 13, 72.36
1555610729, 0, 2166, 2270, 1805, 30, 5.42%, 0, 23, 13, 147.48
1555610745, 0, 2166, 2272, 1807, 30, 5.42%, 0, 23, 13, 155.17
1555610760, 0, 2166, 2273, 1808, 30, 5.42%, 0, 23, 13, 180.49
1555610810, 0, 2166, 2274, 1809, 30, 5.42%, 0, 23, 13, 175.82
1555610816, 0, 2166, 2275, 1810, 30, 5.42%, 0, 23, 13, 312.63
1555610826, 0, 2166, 2278, 1813, 30, 5.42%, 0, 23, 13, 416.37
1555610836, 0, 2166, 2279, 1814, 30, 5.42%, 0, 23, 13, 434.19
1555610851, 0, 2166, 2280, 1815, 30, 5.42%, 0, 23, 13, 417.01
1555610861, 0, 2169, 2280, 1814, 30, 5.42%, 0, 23, 13, 638.61
1555610866, 0, 2170, 2281, 1814, 29, 5.42%, 0, 23, 13, 738.06
1555610871, 0, 2171, 2281, 1813, 28, 5.42%, 0, 23, 13, 733.26
1555610882, 0, 2173, 2281, 1812, 27, 5.42%, 0, 23, 13, 746.01
1555610887, 0, 2180, 2281, 1811, 26, 5.42%, 0, 23, 13, 730.35
1555610897, 0, 2181, 2281, 1810, 25, 5.42%, 0, 23, 13, 723.91
1555610913, 0, 2185, 2281, 1809, 24, 5.42%, 0, 23, 13, 752.82
1555610923, 0, 2190, 2281, 1808, 23, 5.42%, 0, 23, 13, 484.08
1555610928, 0, 2190, 2282, 1809, 23, 5.42%, 0, 23, 13, 702.42
1555610933, 0, 2192, 2282, 1808, 22, 5.42%, 0, 23, 13, 553.19
1555610939, 0, 2192, 2283, 1809, 22, 5.42%, 0, 23, 13, 710.51
1555610944, 0, 2193, 2283, 1808, 21, 5.42%, 0, 23, 13, 182.51
1555610954, 0, 2194, 2283, 1807, 20, 5.42%, 0, 23, 13, 692.92
1555610964, 0, 2195, 2284, 1807, 19, 5.42%, 0, 23, 13, 743.60
1555610969, 0, 2195, 2287, 1810, 19, 5.42%, 0, 23, 13, 768.50
1555610979, 0, 2196, 2287, 1809, 19, 5.42%, 0, 23, 13, 730.29
1555610989, 0, 2198, 2287, 1808, 18, 5.42%, 0, 23, 13, 748.16
1555610995, 0, 2199, 2287, 1807, 17, 5.42%, 0, 23, 13, 752.04
1555611000, 0, 2201, 2291, 1810, 16, 5.42%, 0, 23, 14, 670.16
1555611005, 0, 2201, 2292, 1811, 16, 5.42%, 0, 23, 14, 658.80
1555611010, 0, 2201, 2293, 1812, 16, 5.42%, 0, 23, 14, 731.06
1555611020, 0, 2215, 2296, 1814, 16, 5.42%, 0, 23, 14, 674.43
1555611025, 0, 2215, 2301, 1819, 16, 5.42%, 0, 23, 14, 716.83
1555611030, 0, 2215, 2304, 1822, 16, 5.42%, 0, 23, 14, 653.75
1555611035, 0, 2215, 2306, 1824, 16, 5.42%, 0, 23, 14, 724.40
1555611045, 0, 2215, 2307, 1825, 16, 5.42%, 0, 23, 14, 683.32
1555611050, 0, 2215, 2308, 1826, 16, 5.42%, 0, 23, 14, 724.07
1555611055, 0, 2215, 2309, 1827, 16, 5.42%, 0, 23, 14, 765.85
1555611061, 0, 2238, 2313, 1830, 16, 5.42%, 0, 24, 14, 617.16
1555611066, 0, 2238, 2315, 1832, 16, 5.42%, 0, 24, 14, 373.49
1555611076, 0, 2238, 2319, 1836, 16, 5.42%, 0, 24, 14, 303.06
1555611091, 0, 2238, 2320, 1837, 16, 5.42%, 0, 24, 14, 318.18
1555611101, 0, 2238, 2321, 1838, 16, 5.42%, 0, 24, 14, 358.58
1555611107, 0, 2238, 2324, 1841, 16, 5.43%, 0, 24, 14, 469.61
1555611112, 0, 2238, 2329, 1846, 16, 5.43%, 0, 24, 14, 505.35
1555611117, 0, 2238, 2334, 1851, 16, 5.43%, 0, 24, 14, 518.18
1555611122, 0, 2238, 2336, 1853, 16, 5.43%, 0, 24, 14, 514.75
1555611127, 0, 2238, 2338, 1855, 16, 5.43%, 0, 24, 14, 548.87
1555611132, 0, 2238, 2341, 1858, 16, 5.43%, 0, 24, 14, 540.71
1555611137, 0, 2238, 2342, 1859, 16, 5.43%, 0, 24, 14, 507.67
1555611142, 0, 2249, 2344, 1860, 19, 5.43%, 0, 24, 14, 436.03
1555611147, 0, 2249, 2345, 1861, 19, 5.43%, 0, 24, 14, 370.82
1555611163, 0, 2249, 2348, 1864, 19, 5.43%, 0, 24, 14, 367.08
1555611198, 0, 2249, 2349, 1865, 19, 5.43%, 0, 24, 14, 369.06
1555611203, 0, 2249, 2352, 1868, 19, 5.43%, 0, 24, 14, 416.10
1555611208, 0, 2249, 2354, 1870, 19, 5.43%, 0, 24, 14, 515.77
1555611213, 0, 2249, 2355, 1871, 19, 5.43%, 0, 24, 14, 541.99
1555611219, 0, 2249, 2357, 1873, 19, 5.43%, 0, 24, 14, 549.26
1555611234, 0, 2249, 2358, 1874, 19, 5.43%, 0, 24, 14, 541.15
1555611239, 0, 2272, 2359, 1874, 19, 5.43%, 0, 24, 14, 404.68
1555611244, 0, 2272, 2362, 1877, 19, 5.43%, 0, 24, 14, 290.22
1555611249, 0, 2272, 2363, 1878, 19, 5.43%, 0, 24, 14, 251.93
1555611259, 0, 2272, 2365, 1880, 19, 5.43%, 0, 24, 14, 267.76
1555611280, 0, 2272, 2366, 1881, 19, 5.44%, 0, 24, 14, 316.71
1555611305, 0, 2272, 2378, 1893, 19, 5.44%, 0, 24, 14, 441.12
1555611311, 0, 2272, 2384, 1899, 19, 5.44%, 0, 24, 14, 489.23
1555611316, 0, 2272, 2387, 1902, 19, 5.44%, 0, 24, 14, 494.30
1555611321, 0, 2272, 2390, 1905, 19, 5.44%, 0, 24, 14, 504.88
1555611326, 0, 2272, 2391, 1906, 19, 5.44%, 0, 24, 14, 497.83
1555611336, 0, 2272, 2392, 1907, 19, 5.44%, 0, 24, 14, 512.74
1555611341, 0, 2283, 2394, 1908, 20, 5.44%, 0, 24, 14, 642.20
1555611346, 0, 2285, 2394, 1907, 19, 5.44%, 0, 24, 14, 732.99
1555611356, 0, 2285, 2395, 1908, 19, 5.44%, 0, 24, 14, 778.69
1555611361, 0, 2290, 2396, 1908, 18, 5.44%, 0, 24, 15, 494.29
1555611367, 0, 2290, 2400, 1912, 18, 5.44%, 0, 24, 15, 642.30
1555611382, 0, 2293, 2400, 1911, 18, 5.44%, 0, 24, 15, 712.71
1555611397, 0, 2311, 2403, 1913, 17, 5.44%, 0, 24, 15, 388.67
1555611407, 0, 2311, 2404, 1914, 17, 5.44%, 0, 24, 15, 333.89
1555611428, 0, 2311, 2405, 1915, 17, 5.44%, 0, 24, 15, 402.47
1555611443, 0, 2311, 2407, 1917, 17, 5.44%, 0, 24, 15, 462.93
1555611449, 0, 2311, 2409, 1919, 17, 5.44%, 0, 24, 15, 521.15
1555611459, 0, 2311, 2412, 1922, 17, 5.44%, 0, 24, 15, 103.77
1555611464, 0, 2311, 2413, 1923, 17, 5.44%, 0, 24, 15, 532.06
1555611469, 0, 2311, 2415, 1925, 17, 5.44%, 0, 24, 15, 531.56
1555611479, 0, 2322, 2415, 1924, 18, 5.44%, 0, 24, 15, 354.16
1555611495, 0, 2322, 2416, 1925, 18, 5.44%, 0, 24, 15, 108.10
1555611526, 0, 2336, 2417, 1925, 17, 5.44%, 0, 24, 15, 357.85
1555611531, 0, 2336, 2419, 1927, 17, 5.44%, 0, 24, 15, 276.23
1555611581, 0, 2336, 2420, 1928, 17, 5.44%, 0, 24, 15, 394.12
1555611602, 0, 2336, 2421, 1929, 17, 5.44%, 0, 24, 15, 300.08
1555611612, 0, 2336, 2423, 1931, 17, 5.44%, 0, 24, 15, 488.31
1555611617, 0, 2336, 2424, 1932, 17, 5.44%, 0, 24, 15, 503.78
1555611622, 0, 2336, 2425, 1933, 17, 5.44%, 0, 24, 15, 515.22
1555611637, 0, 2336, 2426, 1934, 17, 5.44%, 0, 24, 15, 524.04
1555611647, 0, 2336, 2428, 1936, 17, 5.44%, 0, 24, 15, 521.98
1555611653, 0, 2336, 2429, 1937, 17, 5.44%, 0, 24, 15, 509.53
1555611673, 0, 2339, 2431, 1938, 17, 5.44%, 0, 24, 15, 601.02
1555611693, 0, 2339, 2432, 1939, 17, 5.44%, 0, 24, 15, 688.70
1555611698, 0, 2360, 2432, 1938, 16, 5.44%, 0, 24, 15, 528.14
1555611709, 0, 2360, 2433, 1939, 16, 5.44%, 0, 24, 15, 268.34
1555611719, 0, 2360, 2435, 1941, 16, 5.45%, 0, 24, 15, 258.40
1555611754, 0, 2360, 2437, 1943, 16, 5.45%, 0, 24, 15, 318.34
1555611765, 0, 2360, 2439, 1945, 16, 5.45%, 0, 24, 15, 460.50
1555611770, 0, 2360, 2441, 1947, 16, 5.45%, 0, 24, 15, 497.63
1555611775, 0, 2360, 2442, 1948, 16, 5.45%, 0, 24, 15, 511.33
1555611780, 0, 2360, 2443, 1949, 16, 5.45%, 0, 24, 15, 513.39
1555611790, 0, 2360, 2444, 1950, 16, 5.45%, 0, 24, 15, 472.02
1555611795, 0, 2360, 2445, 1951, 16, 5.45%, 0, 24, 15, 500.32
1555611800, 0, 2360, 2448, 1954, 16, 5.45%, 0, 24, 15, 515.85
1555611810, 0, 2365, 2448, 1953, 16, 5.45%, 0, 24, 15, 516.43
1555611821, 0, 2365, 2449, 1954, 16, 5.45%, 0, 24, 15, 622.63
1555611846, 0, 2365, 2450, 1955, 16, 5.45%, 0, 24, 15, 646.97
1555611856, 0, 2379, 2450, 1954, 15, 5.45%, 0, 24, 15, 369.54
1555611892, 0, 2379, 2451, 1955, 15, 5.45%, 0, 24, 15, 231.22
1555611974, 0, 2388, 2451, 1954, 15, 5.45%, 0, 24, 15, 365.80
1555612050, 0, 2388, 2453, 1956, 15, 5.45%, 0, 24, 15, 413.86
1555612056, 0, 2388, 2454, 1957, 15, 5.45%, 0, 24, 15, 485.91
1555612071, 0, 2388, 2455, 1958, 15, 5.45%, 0, 24, 15, 487.44
1555612117, 0, 2396, 2456, 1958, 14, 5.45%, 0, 24, 16, 631.36
1555612137, 0, 2408, 2458, 1959, 13, 5.45%, 0, 24, 16, 696.16
1555612152, 0, 2408, 2459, 1960, 13, 5.45%, 0, 24, 16, 697.99
1555612157, 0, 2408, 2460, 1961, 13, 5.45%, 0, 24, 16, 669.98
1555612177, 0, 2412, 2460, 1960, 13, 5.45%, 0, 24, 16, 642.93
1555612188, 0, 2412, 2461, 1961, 13, 5.45%, 0, 24, 16, 682.67
1555612203, 0, 2412, 2462, 1962, 13, 5.45%, 0, 24, 16, 644.27
1555612208, 0, 2412, 2463, 1963, 13, 5.45%, 0, 24, 16, 574.40
1555612218, 0, 2416, 2463, 1962, 12, 5.45%, 0, 24, 16, 408.99
1555612305, 0, 2425, 2463, 1961, 11, 5.45%, 0, 24, 16, 363.32
1555612316, 0, 2425, 2464, 1962, 11, 5.45%, 0, 24, 16, 243.63
1555612321, 0, 2425, 2466, 1964, 11, 5.45%, 0, 24, 16, 293.28
1555612341, 0, 2425, 2467, 1965, 11, 5.45%, 0, 24, 16, 344.60
1555612372, 0, 2425, 2469, 1967, 11, 5.45%, 0, 24, 16, 538.83
1555612377, 0, 2425, 2471, 1969, 11, 5.45%, 0, 24, 16, 591.73
1555612382, 0, 2425, 2472, 1970, 11, 5.45%, 0, 24, 16, 596.05
1555612387, 0, 2425, 2473, 1971, 11, 5.45%, 0, 24, 16, 607.52
1555612397, 0, 2427, 2475, 1972, 11, 5.45%, 0, 24, 16, 504.69
1555612402, 0, 2427, 2476, 1973, 11, 5.45%, 0, 24, 16, 471.96
1555612417, 0, 2427, 2477, 1974, 11, 5.45%, 0, 24, 16, 425.11
1555612438, 0, 2427, 2478, 1975, 11, 5.45%, 0, 24, 16, 485.04
1555612443, 0, 2427, 2479, 1976, 11, 5.45%, 0, 24, 16, 582.89
1555612453, 0, 2427, 2480, 1977, 11, 5.45%, 0, 24, 16, 585.24
1555612463, 0, 2427, 2481, 1978, 11, 5.45%, 0, 24, 16, 583.38
1555612473, 0, 2427, 2482, 1979, 11, 5.45%, 0, 24, 16, 592.50
1555612479, 0, 2433, 2482, 1978, 11, 5.45%, 0, 24, 16, 525.79
1555612489, 0, 2433, 2483, 1979, 11, 5.45%, 0, 24, 16, 271.50
1555612499, 0, 2433, 2484, 1980, 11, 5.45%, 0, 24, 16, 270.35
1555612534, 0, 2433, 2486, 1982, 11, 5.45%, 0, 24, 16, 337.24
1555612545, 0, 2433, 2489, 1985, 11, 5.45%, 0, 24, 16, 405.63
1555612550, 0, 2433, 2490, 1986, 11, 5.45%, 0, 24, 16, 490.86
1555612555, 0, 2433, 2491, 1987, 11, 5.45%, 0, 24, 16, 535.31
1555612575, 0, 2433, 2492, 1988, 11, 5.45%, 0, 24, 16, 533.37
1555612586, 0, 2433, 2493, 1989, 11, 5.45%, 0, 24, 16, 535.13
1555612591, 0, 2456, 2494, 1989, 10, 5.45%, 0, 24, 16, 583.85
1555612596, 0, 2456, 2496, 1991, 10, 5.45%, 0, 24, 17, 673.34
1555612611, 0, 2456, 2497, 1992, 10, 5.45%, 0, 24, 17, 692.17
1555612616, 0, 2456, 2499, 1994, 10, 5.45%, 0, 24, 17, 716.65
1555612621, 0, 2456, 2501, 1996, 10, 5.45%, 0, 24, 17, 701.38
1555612652, 0, 2456, 2502, 1997, 10, 5.45%, 0, 24, 17, 668.35
1555612657, 1, 63, 2503, 1997, 9, 5.45%, 0, 24, 17, 711.24
1555612672, 1, 118, 2504, 1996, 8, 5.45%, 0, 24, 17, 711.37
1555612722, 1, 118, 2505, 1997, 8, 5.45%, 0, 24, 17, 722.96
1555612728, 1, 118, 2507, 1999, 8, 5.45%, 0, 24, 17, 751.68
1555612733, 1, 269, 2507, 1996, 8, 5.45%, 0, 24, 17, 757.21
1555612738, 1, 313, 2507, 1995, 8, 5.45%, 0, 24, 17, 759.62
1555612743, 1, 349, 2507, 1994, 8, 5.45%, 0, 24, 17, 757.57
1555612748, 1, 508, 2507, 1993, 8, 5.45%, 0, 24, 17, 741.46
1555612753, 1, 508, 2509, 1995, 8, 5.45%, 0, 24, 17, 712.10
1555612763, 1, 517, 2509, 1993, 6, 5.45%, 0, 24, 17, 708.06
1555612768, 1, 604, 2509, 1992, 6, 5.45%, 0, 24, 17, 686.71
1555612773, 1, 663, 2509, 1991, 5, 5.45%, 0, 24, 17, 639.44
1555612778, 1, 670, 2509, 1990, 4, 5.45%, 0, 24, 17, 668.50
1555612783, 1, 674, 2509, 1989, 4, 5.45%, 0, 24, 17, 638.63
1555612793, 1, 749, 2509, 1988, 3, 5.45%, 0, 24, 17, 650.84
1555612798, 1, 749, 2510, 1989, 3, 5.45%, 0, 24, 17, 607.94
1555612804, 1, 870, 2510, 1988, 3, 5.45%, 0, 24, 17, 665.72
1555612809, 1, 917, 2510, 1987, 3, 5.45%, 0, 24, 17, 669.61
1555612814, 1, 917, 2511, 1988, 3, 5.45%, 0, 24, 17, 720.57
1555612819, 1, 917, 2513, 1990, 3, 5.45%, 0, 24, 17, 709.63
1555612839, 1, 937, 2514, 1990, 3, 5.45%, 0, 24, 17, 682.13
1555612844, 1, 955, 2514, 1989, 3, 5.45%, 0, 24, 17, 747.06
1555612854, 1, 1309, 2514, 1988, 3, 5.45%, 0, 24, 17, 552.90
1555612860, 1, 1348, 2514, 1987, 2, 5.45%, 0, 24, 17, 681.38
1555612865, 1, 1348, 2515, 1988, 2, 5.45%, 0, 24, 17, 706.26
1555612870, 1, 1403, 2515, 1987, 1, 5.45%, 0, 24, 17, 686.44
1555612880, 1, 1403, 2517, 1989, 1, 5.45%, 0, 24, 17, 680.11
1555612895, 1, 1427, 2517, 1988, 1, 5.45%, 0, 24, 17, 720.77
1555612900, 1, 1427, 2518, 1989, 1, 5.45%, 0, 24, 17, 726.36
1555612905, 1, 1567, 2518, 1988, 1, 5.45%, 0, 24, 17, 742.09
1555612910, 1, 1714, 2520, 1990, 1, 5.45%, 0, 24, 17, 628.98
1555612926, 1, 1758, 2520, 1989, 1, 5.45%, 0, 24, 17, 453.10
1555612936, 1, 2007, 2521, 1989, 1, 5.45%, 0, 24, 17, 654.52
1555612957, 1, 2075, 2521, 1988, 1, 5.45%, 0, 24, 17, 435.61
1555613002, 1, 2075, 2522, 1989, 1, 5.45%, 0, 24, 17, 309.37
1555613007, 1, 2075, 2523, 1990, 1, 5.45%, 0, 24, 17, 613.86
1555613013, 1, 2075, 2524, 1991, 1, 5.45%, 0, 24, 17, 589.95
1555613023, 1, 2075, 2525, 1992, 1, 5.45%, 0, 24, 17, 583.55
1555613033, 1, 2075, 2527, 1994, 1, 5.45%, 0, 24, 17, 579.96
1555613053, 1, 2221, 2527, 1993, 2, 5.45%, 0, 24, 17, 586.79
1555613074, 1, 2305, 2527, 1992, 2, 5.45%, 0, 24, 17, 644.45
1555613079, 1, 2305, 2529, 1994, 2, 5.45%, 0, 24, 17, 642.12
1555613084, 1, 2305, 2532, 1997, 2, 5.45%, 0, 24, 17, 669.70
1555613089, 1, 2305, 2533, 1998, 2, 5.45%, 0, 24, 17, 683.83
1555613099, 1, 2305, 2535, 2000, 2, 5.45%, 0, 24, 17, 711.34
1555613104, 1, 2305, 2538, 2003, 2, 5.45%, 0, 24, 17, 684.31
1555613115, 1, 2305, 2539, 2004, 2, 5.45%, 0, 24, 17, 667.25
1555613120, 1, 2305, 2539, 2004, 2, 5.45%, 0, 25, 17, 617.84
1555613125, 1, 2305, 2542, 2007, 2, 5.45%, 0, 25, 17, 673.68
1555613130, 1, 2305, 2544, 2009, 2, 5.45%, 0, 25, 17, 676.95
1555613135, 1, 2386, 2544, 2008, 2, 5.45%, 0, 25, 17, 69.20
1555613166, 1, 2386, 2547, 2011, 2, 5.45%, 0, 25, 17, 202.80
1555613192, 1, 2386, 2548, 2012, 2, 5.45%, 0, 25, 17, 223.54
1555613268, 1, 2386, 2550, 2014, 2, 5.45%, 0, 25, 17, 265.22
1555613273, 1, 2386, 2554, 2018, 2, 5.45%, 0, 25, 17, 407.69
1555613278, 1, 2386, 2557, 2021, 2, 5.45%, 0, 25, 17, 421.79
1555613283, 1, 2386, 2560, 2024, 2, 5.45%, 0, 25, 17, 451.50
1555613288, 1, 2386, 2561, 2025, 2, 5.45%, 0, 25, 17, 483.77
1555613293, 1, 2386, 2562, 2026, 2, 5.45%, 0, 25, 17, 469.94
1555613298, 1, 2386, 2563, 2027, 2, 5.45%, 0, 25, 17, 455.00
1555613308, 1, 2386, 2564, 2028, 2, 5.45%, 0, 25, 17, 471.52
1555613319, 1, 2386, 2566, 2030, 2, 5.45%, 0, 25, 17, 476.89
1555613324, 1, 2415, 2567, 2030, 2, 5.45%, 0, 25, 17, 417.51
1555613359, 1, 2415, 2571, 2034, 2, 5.45%, 0, 25, 17, 700.81
1555613369, 1, 2415, 2572, 2035, 2, 5.45%, 0, 25, 17, 663.66
1555613374, 1, 2415, 2573, 2036, 2, 5.45%, 0, 25, 17, 656.17
1555613385, 1, 2504, 2573, 2035, 2, 5.45%, 0, 25, 17, 709.46
1555613431, 1, 2515, 2573, 2034, 1, 5.45%, 0, 25, 17, 813.53
1555613472, 1, 2515, 2575, 2036, 1, 5.45%, 0, 25, 17, 716.36
1555613482, 1, 2526, 2577, 2037, 1, 5.45%, 0, 25, 17, 686.95
1555613492, 1, 2526, 2578, 2038, 1, 5.45%, 0, 25, 17, 679.71
1555613497, 1, 2526, 2584, 2044, 1, 5.45%, 0, 25, 17, 698.26
1555613507, 1, 2526, 2585, 2045, 1, 5.45%, 0, 25, 17, 694.90
1555613512, 1, 2526, 2587, 2047, 1, 5.45%, 0, 25, 17, 680.58
1555613517, 1, 2526, 2588, 2048, 1, 5.45%, 0, 25, 17, 708.57
1555613533, 1, 2576, 2588, 2047, 2, 5.45%, 0, 25, 17, 557.35
1555613563, 1, 2581, 2588, 2046, 1, 5.45%, 0, 25, 17, 740.73
1555613579, 1, 2586, 2588, 2045, 0, 5.45%, 0, 25, 17, 688.41
1555613584, 1, 2586, 2589, 2046, 0, 5.45%, 0, 25, 17, 577.51
1555613615, 1, 2586, 2590, 2047, 0, 5.45%, 0, 25, 17, 710.26
1555613635, 1, 2587, 2590, 2046, 0, 5.45%, 0, 25, 17, 590.88
1555613706, 1, 2587, 2591, 2047, 0, 5.45%, 0, 25, 17, 556.98
1555613716, 1, 2587, 2595, 2051, 0, 5.45%, 0, 25, 17, 668.36
1555613741, 1, 2587, 2596, 2052, 0, 5.45%, 0, 25, 17, 731.20
1555613762, 1, 2592, 2596, 2051, 0, 5.45%, 0, 25, 17, 407.95
1555613772, 1, 2592, 2598, 2053, 0, 5.45%, 0, 25, 17, 254.67
1555613782, 1, 2592, 2599, 2054, 0, 5.45%, 0, 25, 17, 232.45
1555613813, 1, 2592, 2601, 2056, 0, 5.47%, 0, 25, 17, 245.10
1555613854, 1, 2592, 2604, 2059, 0, 5.47%, 0, 26, 17, 47.44
1555614007, 1, 2592, 2605, 2060, 0, 5.47%, 0, 26, 17, 438.51
1555614012, 1, 2592, 2608, 2063, 0, 5.47%, 0, 26, 17, 551.53
1555614022, 1, 2592, 2609, 2064, 0, 5.47%, 0, 26, 17, 609.70
1555614032, 1, 2592, 2611, 2066, 0, 5.47%, 0, 26, 17, 592.36
1555614048, 1, 2600, 2611, 2065, 1, 5.47%, 0, 26, 17, 474.54
1555614053, 1, 2600, 2613, 2067, 1, 5.47%, 0, 26, 17, 170.33
1555614068, 1, 2600, 2614, 2068, 1, 5.47%, 0, 26, 17, 182.63
1555614078, 1, 2600, 2615, 2069, 1, 5.47%, 0, 26, 17, 168.56
1555614175, 1, 2600, 2616, 2070, 1, 5.47%, 0, 26, 17, 143.61
1555614180, 1, 2600, 2617, 2071, 1, 5.47%, 0, 26, 17, 162.67
1555614379, 1, 2600, 2620, 2074, 1, 5.47%, 0, 26, 17, 354.36
1555614385, 1, 2600, 2621, 2075, 1, 5.47%, 0, 26, 17, 514.18
1555614390, 1, 2600, 2622, 2076, 1, 5.47%, 0, 26, 17, 559.63
1555614410, 1, 2600, 2623, 2077, 1, 5.47%, 0, 26, 17, 525.81
1555614415, 1, 2600, 2624, 2078, 1, 5.47%, 0, 26, 17, 535.08
1555614425, 1, 2611, 2625, 2078, 2, 5.47%, 0, 26, 17, 75.48
1555614547, 1, 2611, 2626, 2079, 2, 5.47%, 0, 26, 18, 208.63
1555614736, 1, 2611, 2628, 2081, 2, 5.47%, 0, 26, 18, 468.82
1555614741, 1, 2611, 2629, 2082, 2, 5.47%, 0, 26, 18, 527.10
1555614746, 1, 2611, 2630, 2083, 2, 5.47%, 0, 26, 18, 539.51
1555614767, 1, 2611, 2631, 2084, 2, 5.47%, 0, 26, 18, 553.20
1555614772, 1, 2611, 2634, 2087, 2, 5.47%, 0, 26, 18, 546.52
1555614777, 1, 2616, 2634, 2086, 1, 5.47%, 0, 26, 18, 508.93
1555615088, 1, 2618, 2634, 2085, 0, 5.47%, 0, 26, 18, 311.35
1555615134, 1, 2618, 2635, 2086, 0, 5.47%, 0, 26, 18, 144.10
1555615298, 1, 2618, 2636, 2087, 0, 5.47%, 0, 26, 18, 196.03
1555615594, 1, 2618, 2637, 2088, 0, 5.47%, 0, 26, 18, 267.41
1555615609, 1, 2618, 2638, 2089, 0, 5.47%, 0, 26, 18, 326.15
1555615615, 1, 2618, 2639, 2090, 0, 5.47%, 0, 26, 18, 445.36
1555615620, 1, 2618, 2640, 2091, 0, 5.47%, 0, 26, 18, 532.48
1555615656, 1, 2618, 2642, 2093, 0, 5.47%, 0, 26, 18, 481.87
1555615661, 1, 2627, 2642, 2092, 2, 5.47%, 0, 26, 18, 270.01
1555615666, 1, 2627, 2644, 2094, 2, 5.47%, 0, 26, 19, 190.92
1555615701, 1, 2627, 2645, 2095, 2, 5.47%, 0, 26, 19, 156.50
1555615706, 1, 2627, 2646, 2096, 2, 5.47%, 0, 26, 19, 162.10
1555615859, 1, 2627, 2648, 2098, 2, 5.47%, 0, 26, 19, 176.18
1555615875, 1, 2627, 2650, 2100, 2, 5.47%, 0, 26, 19, 160.57
1555616176, 1, 2637, 2650, 2099, 2, 5.47%, 0, 26, 19, 76.28
1555616216, 1, 2637, 2651, 2100, 2, 5.47%, 0, 26, 19, 120.09
1555616508, 1, 2637, 2652, 2101, 2, 5.47%, 0, 26, 19, 152.37
1555616999, 1, 2637, 2653, 2102, 2, 5.47%, 0, 26, 19, 393.51
1555617009, 1, 2644, 2653, 2101, 1, 5.47%, 0, 26, 19, 82.16
1555617029, 1, 2644, 2654, 2102, 1, 5.47%, 0, 26, 20, 138.27
1555617233, 1, 2644, 2655, 2103, 1, 5.47%, 0, 26, 20, 179.10
1555617457, 1, 2644, 2656, 2104, 1, 5.47%, 0, 26, 20, 124.35
1555617555, 1, 2644, 2657, 2105, 1, 5.47%, 0, 26, 20, 165.26
1555617570, 1, 2644, 2658, 2106, 1, 5.47%, 0, 26, 20, 336.06
1555617575, 1, 2644, 2659, 2107, 1, 5.47%, 0, 26, 20, 426.54
1555617595, 1, 2644, 2660, 2108, 1, 5.47%, 0, 26, 20, 467.40
1555617631, 1, 2644, 2661, 2109, 1, 5.47%, 0, 26, 20, 508.64
1555617641, 2, 17, 2665, 2112, 1, 5.47%, 0, 26, 20, 696.52
1555617646, 2, 17, 2666, 2113, 1, 5.47%, 0, 26, 20, 766.82
1555617651, 2, 17, 2667, 2114, 1, 5.47%, 0, 26, 20, 748.70
1555617662, 2, 17, 2668, 2115, 1, 5.47%, 0, 26, 20, 774.48
1555617672, 2, 598, 2669, 2115, 1, 5.47%, 0, 26, 20, 778.18
1555617682, 2, 598, 2671, 2117, 1, 5.47%, 0, 26, 20, 805.21
1555617692, 2, 609, 2671, 2116, 1, 5.47%, 0, 26, 20, 760.21
1555617697, 2, 609, 2674, 2119, 1, 5.47%, 0, 26, 20, 779.13
1555617702, 2, 609, 2675, 2120, 1, 5.47%, 0, 26, 20, 773.10
1555617723, 2, 609, 2678, 2123, 1, 5.47%, 0, 26, 20, 772.24
1555617733, 2, 609, 2680, 2125, 1, 5.47%, 0, 26, 20, 775.84
1555617738, 2, 651, 2681, 2125, 1, 5.47%, 0, 26, 20, 767.07
1555617743, 2, 651, 2682, 2126, 1, 5.47%, 0, 26, 20, 806.51
1555617748, 2, 761, 2682, 2125, 1, 5.47%, 0, 26, 20, 727.29
1555617763, 2, 958, 2682, 2124, 1, 5.47%, 0, 26, 20, 754.16
1555617768, 2, 958, 2683, 2125, 1, 5.47%, 0, 26, 20, 775.40
1555617774, 2, 1144, 2683, 2124, 1, 5.47%, 0, 26, 20, 702.41
1555617784, 2, 1192, 2683, 2123, 1, 5.47%, 0, 26, 20, 587.97
1555617804, 2, 1484, 2683, 2122, 1, 5.47%, 0, 26, 20, 637.42
1555617809, 2, 1484, 2687, 2126, 1, 5.47%, 0, 26, 20, 648.70
1555617819, 2, 1484, 2691, 2130, 1, 5.47%, 0, 26, 20, 762.95
1555617825, 2, 1484, 2692, 2131, 1, 5.47%, 0, 26, 20, 739.12
1555617835, 2, 1484, 2693, 2132, 1, 5.47%, 0, 26, 20, 749.76
1555617850, 2, 1496, 2693, 2131, 1, 5.47%, 0, 26, 20, 702.51
1555617855, 2, 1496, 2694, 2132, 1, 5.47%, 0, 26, 20, 728.58
1555617860, 2, 1496, 2696, 2134, 1, 5.47%, 0, 26, 20, 745.46
1555617876, 2, 1496, 2698, 2136, 1, 5.47%, 0, 26, 20, 766.29
1555617886, 2, 1496, 2699, 2137, 1, 5.47%, 0, 26, 20, 774.29
1555617891, 2, 1989, 2699, 2136, 1, 5.47%, 0, 26, 20, 303.81
1555617906, 2, 1989, 2700, 2137, 1, 5.47%, 0, 26, 20, 664.94
1555617911, 2, 1989, 2701, 2138, 1, 5.47%, 0, 26, 20, 689.55
1555617916, 2, 1989, 2702, 2139, 1, 5.47%, 0, 26, 20, 688.12
1555617926, 2, 1989, 2703, 2140, 1, 5.47%, 0, 26, 20, 703.71
1555617937, 2, 1992, 2703, 2139, 0, 5.47%, 0, 26, 20, 638.97
1555617972, 2, 1992, 2704, 2140, 0, 5.47%, 0, 26, 20, 591.22
1555617982, 2, 1993, 2704, 2139, 0, 5.47%, 0, 26, 20, 452.40
1555617998, 2, 1994, 2704, 2138, 0, 5.47%, 0, 26, 20, 594.53
1555618013, 2, 1994, 2705, 2139, 0, 5.47%, 0, 26, 20, 709.70
1555618018, 2, 1995, 2706, 2139, 0, 5.47%, 0, 26, 20, 638.99
1555618028, 2, 2096, 2706, 2138, 1, 5.47%, 0, 26, 20, 639.20
1555618074, 2, 2138, 2706, 2137, 1, 5.47%, 0, 26, 20, 390.11
1555618140, 2, 2138, 2708, 2139, 1, 5.47%, 0, 26, 20, 452.11
1555618145, 2, 2138, 2709, 2140, 1, 5.47%, 0, 26, 20, 561.32
1555618150, 2, 2138, 2712, 2143, 1, 5.47%, 0, 26, 20, 538.32
1555618155, 2, 2138, 2713, 2144, 1, 5.47%, 0, 26, 20, 536.24
1555618176, 2, 2370, 2713, 2143, 1, 5.47%, 0, 26, 20, 483.86
1555618227, 2, 2370, 2714, 2144, 1, 5.47%, 0, 26, 20, 598.78
1555618237, 2, 2388, 2714, 2143, 1, 5.47%, 0, 26, 20, 618.44
1555618242, 2, 2459, 2714, 2143, 1, 5.47%, 0, 26, 20, 751.85
1555618262, 2, 2459, 2715, 2144, 1, 5.47%, 0, 26, 20, 773.72
1555618267, 2, 2598, 2715, 2143, 1, 5.47%, 0, 26, 20, 577.34
1555618542, 2, 2598, 2716, 2144, 1, 5.47%, 0, 26, 20, 424.21
1555618547, 2, 2598, 2718, 2146, 1, 5.47%, 0, 26, 20, 534.51
1555618578, 2, 2598, 2719, 2147, 1, 5.47%, 0, 26, 20, 577.36
1555618588, 2, 2705, 2719, 2146, 1, 5.47%, 0, 26, 20, 554.76
1555618603, 2, 2705, 2720, 2147, 1, 5.47%, 0, 26, 20, 713.22
1555618613, 2, 2705, 2721, 2148, 1, 5.47%, 0, 27, 20, 689.82
1555618618, 2, 2705, 2722, 2149, 1, 5.47%, 0, 27, 20, 706.72
1555618623, 2, 2706, 2722, 2148, 0, 5.47%, 0, 27, 20, 767.01
1555618659, 2, 2707, 2722, 2147, 0, 5.47%, 0, 27, 20, 329.38
1555620618, 2, 2707, 2723, 2148, 0, 5.47%, 0, 27, 20, 247.19
1555620623, 2, 2707, 2724, 2149, 0, 5.47%, 0, 27, 20, 262.30
1555620648, 2, 2707, 2726, 2151, 0, 5.47%, 0, 27, 20, 269.70
1555620684, 2, 2708, 2726, 2150, 0, 5.47%, 0, 27, 20, 218.21
1555620858, 2, 2708, 2727, 2151, 0, 5.47%, 0, 27, 20, 225.91
1555620904, 2, 2710, 2727, 2150, 0, 5.47%, 0, 27, 20, 246.64
1555621083, 2, 2710, 2728, 2151, 0, 5.47%, 0, 27, 20, 175.52
1555621088, 2, 2710, 2729, 2152, 0, 5.47%, 0, 27, 20, 335.16
1555621109, 2, 2710, 2731, 2154, 0, 5.47%, 0, 27, 20, 391.39
1555621114, 2, 2710, 2732, 2155, 0, 5.47%, 0, 27, 20, 411.48
1555621119, 2, 2710, 2733, 2156, 0, 5.47%, 0, 27, 20, 309.11
1555621134, 2, 2716, 2733, 2155, 0, 5.47%, 0, 27, 20, 231.06
1555621144, 2, 2716, 2734, 2156, 0, 5.47%, 0, 27, 20, 163.59
1555621175, 2, 2716, 2735, 2157, 0, 5.47%, 0, 27, 20, 132.68
1555621190, 2, 2716, 2736, 2158, 0, 5.47%, 0, 27, 20, 166.78
1555621537, 2, 2716, 2737, 2159, 0, 5.47%, 0, 27, 20, 151.85
1555622144, 2, 2716, 2738, 2160, 0, 5.47%, 0, 27, 20, 66.19
1555622149, 2, 2716, 2740, 2162, 0, 5.47%, 0, 27, 20, 287.80
1555622154, 2, 2716, 2741, 2163, 0, 5.47%, 0, 27, 20, 401.25
1555622190, 2, 2716, 2742, 2164, 0, 5.47%, 0, 27, 20, 423.52
1555622205, 2, 2729, 2742, 2163, 1, 5.47%, 0, 27, 20, 198.37
1555622221, 2, 2729, 2743, 2164, 1, 5.47%, 0, 27, 20, 85.98
1555622246, 2, 2729, 2744, 2165, 1, 5.47%, 0, 27, 20, 84.82
1555622400, 2, 2729, 2745, 2166, 1, 5.47%, 0, 27, 20, 95.80
1555622497, 2, 2729, 2746, 2167, 1, 5.47%, 0, 27, 20, 92.23
1555622558, 2, 2729, 2747, 2168, 1, 5.47%, 0, 27, 20, 217.25
1555622747, 2, 2729, 2748, 2169, 1, 5.47%, 0, 27, 20, 250.90
1555622768, 2, 2729, 2749, 2170, 1, 5.47%, 0, 27, 20, 281.09
1555622783, 2, 2729, 2750, 2171, 1, 5.47%, 0, 27, 20, 282.23
1555622814, 2, 2729, 2750, 2171, 1, 5.47%, 0, 28, 20, 265.89
1555622829, 2, 2729, 2751, 2172, 1, 5.47%, 0, 28, 20, 262.91
1555622834, 2, 2735, 2751, 2171, 1, 5.47%, 0, 28, 20, 174.31
