# unix_time, cycles_done, cur_path, paths_total, pending_total, pending_favs, map_size, unique_crashes, unique_hangs, max_depth, execs_per_sec
1555935126, 0, 0, 5, 5, 1, 0.18%, 0, 0, 1, 350.88
1555935132, 0, 1, 60, 60, 1, 0.54%, 0, 0, 2, 755.08
1555935137, 0, 1, 74, 74, 1, 0.55%, 0, 0, 2, 856.48
1555935142, 0, 1, 81, 81, 1, 0.56%, 0, 0, 2, 876.07
1555935147, 0, 1, 86, 86, 1, 0.57%, 0, 0, 2, 880.00
1555935152, 0, 1, 92, 92, 1, 0.59%, 0, 0, 2, 915.61
1555935157, 0, 1, 97, 97, 1, 0.62%, 0, 0, 2, 872.92
1555935162, 0, 1, 99, 99, 1, 0.64%, 0, 0, 2, 884.72
1555935167, 0, 5, 103, 102, 24, 0.64%, 0, 0, 2, 847.33
1555935172, 0, 7, 107, 104, 22, 0.64%, 0, 0, 3, 887.67
1555935177, 0, 28, 107, 102, 22, 0.64%, 0, 0, 3, 906.22
1555935183, 0, 28, 110, 105, 22, 0.64%, 0, 0, 3, 899.04
1555935188, 0, 28, 112, 107, 22, 0.65%, 0, 0, 3, 906.42
1555935193, 0, 28, 116, 111, 22, 0.66%, 0, 0, 3, 902.35
1555935198, 0, 28, 118, 113, 22, 0.67%, 0, 0, 3, 901.00
1555935203, 0, 28, 121, 116, 22, 0.67%, 0, 0, 3, 898.56
1555935213, 0, 28, 122, 117, 22, 0.67%, 0, 0, 3, 908.56
1555935218, 0, 35, 128, 121, 22, 0.67%, 0, 0, 3, 921.58
1555935223, 0, 35, 134, 127, 22, 0.67%, 0, 0, 3, 912.43
1555935228, 0, 35, 136, 129, 22, 0.67%, 0, 0, 3, 898.93
1555935233, 0, 35, 138, 131, 22, 0.67%, 0, 0, 3, 919.91
1555935239, 0, 35, 140, 133, 22, 0.67%, 0, 0, 3, 919.29
1555935244, 0, 35, 147, 140, 22, 0.68%, 0, 0, 3, 930.23
1555935249, 0, 54, 147, 138, 21, 0.68%, 0, 0, 3, 937.02
1555935254, 0, 70, 147, 136, 19, 0.68%, 0, 0, 3, 914.79
1555935259, 0, 85, 147, 134, 17, 0.68%, 0, 0, 3, 927.44
1555935264, 0, 91, 150, 136, 16, 0.68%, 0, 0, 3, 934.02
1555935269, 0, 92, 152, 137, 15, 0.68%, 0, 0, 3, 936.94
1555935274, 0, 96, 152, 136, 14, 0.68%, 0, 0, 3, 938.00
1555935279, 0, 97, 154, 137, 13, 0.68%, 0, 0, 3, 931.37
1555935284, 0, 97, 158, 141, 13, 0.68%, 0, 0, 3, 902.44
1555935289, 0, 97, 159, 142, 13, 0.68%, 0, 0, 3, 924.15
1555935294, 0, 97, 161, 144, 13, 0.68%, 0, 0, 3, 908.01
1555935299, 0, 97, 162, 145, 13, 0.68%, 0, 0, 3, 901.22
1555935310, 0, 97, 163, 146, 13, 0.68%, 0, 0, 3, 903.96
1555935320, 0, 103, 163, 145, 13, 0.68%, 0, 0, 3, 876.41
1555935325, 0, 104, 167, 148, 12, 0.68%, 0, 0, 4, 904.22
1555935330, 0, 104, 170, 151, 12, 0.68%, 0, 0, 4, 916.78
1555935340, 0, 104, 173, 154, 12, 0.68%, 0, 0, 4, 942.84
1555935345, 0, 104, 176, 157, 12, 0.68%, 0, 0, 4, 929.89
1555935350, 0, 104, 179, 160, 12, 0.68%, 0, 0, 4, 952.44
1555935355, 0, 104, 180, 161, 12, 0.68%, 0, 0, 4, 931.22
1555935360, 0, 116, 181, 160, 13, 0.68%, 0, 0, 4, 909.94
1555935365, 0, 117, 181, 159, 12, 0.68%, 0, 0, 4, 903.71
1555935376, 0, 117, 184, 162, 12, 0.68%, 0, 0, 4, 874.60
1555935381, 0, 117, 186, 164, 12, 0.68%, 0, 0, 4, 888.67
1555935386, 0, 117, 188, 166, 12, 0.69%, 0, 0, 4, 898.85
1555935391, 0, 117, 190, 168, 12, 0.69%, 0, 0, 4, 909.73
1555935396, 0, 117, 191, 169, 12, 0.69%, 0, 0, 4, 905.56
1555935401, 0, 117, 192, 170, 12, 0.69%, 0, 0, 4, 929.22
1555935406, 0, 134, 194, 170, 12, 0.69%, 0, 0, 4, 941.16
1555935411, 0, 137, 194, 169, 11, 0.69%, 0, 0, 4, 953.58
1555935416, 0, 141, 195, 169, 11, 0.69%, 0, 0, 4, 936.73
1555935421, 0, 158, 195, 167, 9, 0.69%, 0, 0, 4, 947.06
1555935426, 0, 158, 196, 168, 9, 0.69%, 0, 0, 4, 870.00
1555935447, 0, 162, 197, 167, 8, 0.69%, 0, 0, 4, 916.39
1555935452, 0, 163, 198, 167, 7, 0.69%, 0, 0, 4, 904.58
1555935457, 0, 172, 198, 166, 6, 0.69%, 0, 0, 4, 915.76
1555935462, 0, 186, 198, 164, 4, 0.69%, 0, 0, 4, 908.98
1555935477, 0, 186, 199, 165, 4, 0.69%, 0, 0, 5, 927.48
1555935482, 0, 186, 201, 167, 4, 0.69%, 0, 0, 5, 922.56
1555935487, 0, 186, 202, 168, 4, 0.69%, 0, 0, 5, 920.36
1555935492, 0, 186, 205, 171, 4, 0.69%, 0, 0, 5, 897.01
1555935503, 0, 186, 206, 172, 4, 0.69%, 0, 0, 5, 892.29
1555935508, 0, 192, 209, 174, 3, 0.69%, 0, 0, 5, 905.75
1555935518, 0, 195, 209, 173, 2, 0.69%, 0, 0, 5, 909.25
1555935538, 0, 195, 210, 174, 2, 0.69%, 0, 0, 5, 913.07
1555935543, 1, 77, 210, 172, 0, 0.69%, 0, 0, 5, 922.95
1555935548, 1, 84, 210, 171, 0, 0.69%, 0, 0, 5, 916.93
1555935558, 1, 89, 210, 170, 0, 0.69%, 0, 0, 5, 907.16
1555935573, 1, 90, 210, 169, 0, 0.69%, 0, 0, 5, 884.21
1555935588, 1, 90, 212, 171, 0, 0.69%, 0, 0, 5, 908.01
1555935593, 1, 90, 214, 173, 0, 0.69%, 0, 0, 5, 910.88
1555935599, 1, 90, 215, 174, 0, 0.69%, 0, 0, 5, 886.71
1555935619, 1, 90, 216, 175, 0, 0.69%, 0, 0, 5, 905.31
1555935624, 1, 95, 216, 174, 0, 0.69%, 0, 0, 5, 891.95
1555935639, 1, 107, 216, 173, 0, 0.69%, 0, 0, 5, 880.43
1555935649, 1, 108, 216, 172, 0, 0.69%, 0, 0, 5, 914.01
1555935659, 1, 114, 216, 171, 0, 0.69%, 0, 0, 5, 893.65
1555935664, 1, 115, 216, 171, 0, 0.69%, 0, 0, 5, 925.41
1555935669, 1, 120, 216, 170, 0, 0.69%, 0, 0, 5, 915.80
