# unix_time, cycles_done, cur_path, paths_total, pending_total, pending_favs, map_size, unique_crashes, unique_hangs, max_depth, execs_per_sec
1556022801, 0, 0, 2, 2, 1, 0.11%, 0, 0, 1, 216.22
1556022806, 0, 0, 38, 38, 1, 0.38%, 0, 0, 2, 248.32
1556022811, 0, 0, 48, 48, 1, 0.44%, 0, 0, 2, 247.43
1556022816, 0, 0, 57, 57, 1, 0.45%, 0, 0, 2, 255.21
1556022822, 0, 0, 63, 63, 1, 0.45%, 0, 0, 2, 257.05
1556022827, 0, 0, 71, 71, 1, 0.48%, 0, 0, 2, 249.56
1556022832, 0, 0, 73, 73, 1, 0.51%, 0, 0, 2, 241.69
1556022837, 0, 0, 75, 75, 1, 0.51%, 0, 0, 2, 252.04
1556022842, 0, 0, 76, 76, 1, 0.51%, 0, 0, 2, 255.70
1556022847, 0, 0, 81, 81, 1, 0.51%, 0, 0, 2, 248.19
1556022852, 0, 0, 83, 83, 1, 0.53%, 0, 0, 2, 257.29
1556022857, 0, 0, 86, 86, 1, 0.54%, 0, 0, 2, 251.26
1556022862, 0, 0, 88, 88, 1, 0.54%, 0, 0, 2, 255.69
1556022867, 0, 0, 89, 89, 1, 0.54%, 0, 0, 2, 260.43
1556022872, 0, 0, 92, 92, 1, 0.54%, 0, 0, 2, 249.15
1556022877, 0, 0, 94, 94, 1, 0.54%, 0, 0, 2, 243.81
1556022887, 0, 0, 95, 95, 1, 0.54%, 0, 0, 2, 239.37
1556022918, 0, 0, 97, 97, 1, 0.54%, 0, 0, 2, 206.42
1556022928, 0, 0, 98, 98, 1, 0.54%, 0, 0, 2, 238.38
1556022933, 0, 0, 101, 101, 1, 0.54%, 0, 0, 2, 249.35
1556022943, 0, 2, 103, 102, 25, 0.54%, 0, 0, 3, 247.95
1556022948, 0, 3, 104, 102, 24, 0.54%, 0, 0, 3, 237.35
1556022954, 0, 12, 104, 101, 24, 0.54%, 0, 0, 3, 244.49
1556022959, 0, 27, 104, 99, 22, 0.54%, 0, 0, 3, 253.02
1556022964, 0, 33, 104, 98, 21, 0.54%, 0, 0, 3, 242.34
1556022974, 0, 36, 105, 98, 20, 0.54%, 0, 0, 3, 244.10
1556022979, 0, 36, 110, 103, 20, 0.54%, 0, 0, 3, 242.54
