# unix_time, cycles_done, cur_path, paths_total, pending_total, pending_favs, map_size, unique_crashes, unique_hangs, max_depth, execs_per_sec
1556018348, 0, 0, 2, 2, 1, 0.13%, 0, 0, 1, 246.15
1556018353, 0, 1, 72, 72, 1, 0.60%, 0, 0, 2, 963.78
1556018359, 0, 1, 102, 102, 1, 0.82%, 0, 0, 2, 1150.87
1556018364, 0, 1, 111, 111, 1, 0.83%, 0, 0, 2, 1206.37
1556018369, 0, 1, 122, 122, 1, 0.91%, 0, 0, 2, 1207.58
1556018374, 0, 2, 128, 127, 35, 0.96%, 0, 0, 2, 1188.03
1556018379, 0, 7, 132, 130, 34, 0.96%, 0, 0, 3, 1218.94
1556018384, 0, 7, 141, 139, 34, 0.99%, 0, 0, 3, 1221.13
1556018389, 0, 7, 147, 145, 34, 0.99%, 0, 0, 3, 1212.69
1556018394, 0, 7, 149, 147, 34, 1.00%, 0, 0, 3, 1217.73
1556018399, 0, 7, 152, 150, 34, 1.00%, 0, 0, 3, 1226.51
1556018404, 0, 13, 158, 155, 36, 1.00%, 0, 0, 3, 1220.27
1556018409, 0, 13, 162, 159, 36, 1.01%, 0, 0, 3, 1200.72
1556018414, 0, 13, 169, 166, 36, 1.02%, 0, 0, 3, 1209.59
1556018424, 0, 13, 173, 170, 36, 1.02%, 0, 0, 3, 1168.93
1556018429, 0, 13, 177, 174, 36, 1.02%, 0, 0, 3, 1204.66
1556018435, 0, 26, 179, 175, 38, 1.09%, 0, 0, 3, 1245.37
1556018440, 0, 26, 183, 179, 38, 1.09%, 0, 0, 3, 1234.09
1556018445, 0, 26, 185, 181, 38, 1.09%, 0, 0, 3, 1240.45
1556018450, 0, 26, 187, 183, 38, 1.09%, 0, 0, 3, 1286.00
1556018455, 0, 26, 191, 187, 38, 1.10%, 0, 0, 3, 1288.45
1556018460, 0, 26, 194, 190, 38, 1.11%, 0, 0, 3, 1267.58
1556018465, 0, 30, 200, 195, 39, 1.12%, 0, 0, 3, 1280.71
1556018470, 0, 30, 205, 200, 39, 1.13%, 0, 0, 3, 1291.62
1556018475, 0, 30, 208, 203, 39, 1.20%, 0, 0, 3, 1279.33
1556018480, 0, 30, 216, 211, 39, 1.23%, 0, 0, 3, 1265.66
1556018485, 0, 30, 219, 214, 39, 1.23%, 0, 0, 3, 1269.45
1556018490, 0, 30, 221, 216, 39, 1.24%, 0, 0, 3, 1296.80
1556018495, 0, 44, 225, 218, 42, 1.24%, 0, 0, 3, 1171.42
1556018500, 0, 63, 226, 217, 40, 1.24%, 0, 0, 3, 1211.82
1556018505, 0, 64, 227, 217, 39, 1.24%, 0, 0, 3, 1219.10
1556018510, 0, 64, 235, 225, 39, 1.28%, 0, 0, 3, 1076.22
1556018515, 0, 64, 237, 227, 39, 1.28%, 0, 0, 3, 1136.12
1556018520, 0, 64, 240, 230, 39, 1.29%, 0, 0, 3, 1274.06
1556018525, 0, 64, 244, 234, 39, 1.29%, 0, 0, 3, 1265.43
1556018530, 0, 64, 245, 235, 39, 1.30%, 0, 0, 3, 1292.79
1556018536, 0, 68, 247, 236, 50, 1.30%, 0, 0, 3, 1236.71
1556018541, 0, 70, 249, 237, 50, 1.30%, 0, 0, 3, 1225.69
1556018546, 0, 75, 251, 238, 51, 1.34%, 0, 0, 3, 1199.59
1556018556, 0, 76, 253, 239, 51, 1.49%, 0, 0, 3, 1260.49
1556018561, 0, 92, 256, 240, 50, 1.49%, 0, 0, 3, 1241.14
1556018566, 0, 97, 257, 239, 48, 1.49%, 0, 0, 3, 1237.31
1556018571, 0, 102, 258, 239, 47, 1.49%, 0, 0, 3, 1180.62
1556018576, 0, 111, 260, 240, 46, 1.49%, 0, 0, 3, 1133.72
1556018591, 0, 111, 264, 244, 46, 1.49%, 0, 0, 3, 1161.28
1556018597, 0, 111, 266, 246, 46, 1.49%, 0, 0, 3, 1134.23
1556018602, 0, 111, 270, 250, 46, 1.49%, 0, 0, 3, 1165.99
1556018607, 0, 111, 271, 251, 46, 1.49%, 0, 0, 3, 1126.79
1556018612, 0, 111, 273, 253, 46, 1.49%, 0, 0, 3, 1156.24
1556018617, 0, 115, 275, 254, 45, 1.50%, 0, 0, 3, 1200.94
1556018622, 0, 116, 279, 257, 45, 1.50%, 0, 0, 3, 974.19
1556018627, 0, 120, 282, 259, 46, 1.50%, 0, 0, 3, 1193.73
1556018632, 0, 120, 286, 263, 46, 1.57%, 0, 0, 3, 1220.20
1556018638, 0, 120, 292, 269, 46, 1.58%, 0, 0, 3, 1275.54
1556018648, 0, 120, 293, 270, 46, 1.58%, 0, 0, 3, 1226.06
1556018653, 0, 128, 294, 270, 47, 1.58%, 0, 0, 4, 1174.16
1556018658, 0, 128, 297, 273, 47, 1.58%, 0, 0, 4, 1170.42
1556018663, 0, 132, 299, 274, 48, 1.58%, 0, 0, 4, 1216.97
1556018673, 0, 135, 299, 272, 47, 1.58%, 0, 0, 4, 1279.19
1556018678, 0, 137, 302, 274, 46, 1.58%, 0, 0, 4, 1252.43
1556018684, 0, 147, 302, 273, 45, 1.58%, 0, 0, 4, 1235.46
1556018689, 0, 152, 302, 272, 44, 1.58%, 0, 0, 4, 1246.18
1556018694, 0, 162, 302, 271, 44, 1.58%, 0, 0, 4, 1234.33
1556018699, 0, 169, 303, 271, 43, 1.58%, 0, 0, 4, 1261.35
1556018709, 0, 188, 303, 270, 42, 1.58%, 0, 0, 4, 1250.51
1556018714, 0, 190, 303, 269, 42, 1.58%, 0, 0, 4, 1257.29
1556018719, 0, 192, 304, 269, 41, 1.59%, 0, 0, 4, 1233.86
1556018724, 0, 192, 307, 272, 41, 1.59%, 0, 0, 4, 1234.88
1556018729, 0, 197, 309, 273, 44, 1.59%, 0, 0, 4, 1246.63
1556018734, 0, 202, 312, 274, 42, 1.59%, 0, 0, 4, 1284.56
1556018739, 0, 208, 315, 276, 42, 1.60%, 0, 0, 4, 209.14
1556018744, 0, 208, 318, 279, 42, 1.61%, 0, 0, 4, 442.46
1556018750, 0, 209, 324, 284, 43, 1.62%, 0, 0, 4, 1007.44
1556018755, 0, 209, 335, 295, 43, 1.80%, 0, 0, 4, 1184.55
1556018760, 0, 209, 345, 305, 43, 1.81%, 0, 0, 4, 1196.06
1556018765, 0, 209, 352, 312, 43, 1.81%, 0, 0, 4, 1184.61
1556018770, 0, 209, 354, 314, 43, 1.84%, 0, 0, 4, 1161.75
1556018775, 0, 209, 359, 319, 43, 1.84%, 0, 0, 4, 1186.14
1556018780, 0, 209, 362, 322, 43, 1.84%, 0, 0, 4, 1174.50
1556018785, 0, 209, 365, 325, 43, 1.84%, 0, 0, 4, 1085.22
1556018790, 0, 221, 365, 323, 48, 1.84%, 0, 0, 4, 1181.97
1556018795, 0, 223, 365, 321, 46, 1.84%, 0, 0, 4, 1236.52
1556018801, 0, 227, 366, 321, 45, 1.84%, 0, 0, 4, 1214.46
1556018806, 0, 228, 367, 321, 44, 1.84%, 0, 0, 4, 1234.64
1556018811, 0, 230, 373, 326, 43, 1.84%, 0, 0, 4, 1235.91
1556018816, 0, 236, 373, 324, 45, 1.84%, 0, 0, 4, 1295.63
1556018821, 0, 238, 376, 326, 44, 1.84%, 0, 0, 4, 1260.82
1556018826, 0, 238, 389, 339, 44, 1.85%, 0, 0, 4, 1221.02
1556018831, 0, 238, 396, 346, 44, 1.85%, 0, 0, 4, 1274.27
1556018836, 0, 238, 401, 351, 44, 1.85%, 0, 0, 4, 1294.67
1556018841, 0, 238, 406, 356, 44, 1.85%, 0, 0, 4, 1289.83
1556018846, 0, 238, 411, 361, 44, 1.86%, 0, 0, 4, 1276.08
1556018851, 0, 239, 412, 361, 43, 1.86%, 0, 0, 4, 1294.59
1556018856, 0, 240, 413, 361, 42, 1.86%, 0, 0, 4, 1302.18
1556018861, 0, 244, 414, 361, 41, 1.86%, 0, 0, 4, 1234.54
1556018866, 0, 249, 416, 362, 41, 1.86%, 0, 0, 4, 131.13
1556018872, 0, 249, 418, 364, 41, 1.88%, 0, 0, 4, 1000.24
1556018882, 0, 250, 419, 364, 42, 1.88%, 0, 0, 4, 121.62
1556018892, 0, 251, 419, 363, 41, 1.88%, 0, 0, 4, 473.37
1556018902, 0, 252, 429, 372, 40, 1.91%, 0, 0, 4, 960.64
1556018907, 0, 252, 433, 376, 40, 1.91%, 0, 0, 4, 1099.52
1556018912, 0, 252, 438, 381, 40, 1.93%, 0, 0, 4, 1130.42
1556018918, 0, 252, 439, 382, 40, 1.95%, 0, 0, 4, 1133.84
1556018923, 0, 252, 440, 383, 40, 1.95%, 0, 1, 4, 1113.18
1556018928, 0, 268, 446, 388, 50, 1.95%, 0, 1, 4, 1138.73
1556018933, 0, 268, 447, 389, 50, 1.95%, 0, 1, 4, 1162.61
1556018938, 0, 268, 448, 390, 50, 1.95%, 0, 1, 4, 1175.15
1556018943, 0, 268, 454, 396, 50, 1.95%, 0, 1, 4, 1163.97
1556018948, 0, 268, 455, 397, 50, 1.95%, 0, 1, 4, 1121.42
1556018963, 0, 268, 457, 399, 50, 1.95%, 0, 1, 4, 1192.56
1556018973, 0, 275, 458, 399, 50, 1.95%, 0, 1, 4, 196.81
1556018978, 0, 276, 459, 399, 49, 1.95%, 0, 1, 4, 1157.64
1556018983, 0, 276, 460, 400, 49, 1.95%, 0, 1, 4, 1128.29
1556018988, 0, 284, 463, 402, 48, 1.95%, 0, 1, 4, 1215.33
1556018993, 0, 284, 466, 405, 48, 1.95%, 0, 1, 4, 1236.76
1556018998, 0, 284, 468, 407, 48, 1.95%, 0, 1, 4, 1265.71
1556019004, 0, 284, 470, 409, 48, 1.95%, 0, 1, 4, 1197.76
1556019009, 0, 285, 473, 411, 47, 1.96%, 0, 1, 4, 1200.30
1556019014, 0, 293, 475, 412, 46, 1.96%, 0, 1, 4, 1204.19
1556019024, 0, 295, 476, 412, 45, 1.96%, 0, 1, 5, 1151.80
1556019034, 0, 301, 476, 411, 44, 1.96%, 0, 1, 5, 1255.78
1556019039, 0, 301, 477, 412, 44, 1.96%, 0, 1, 5, 1291.29
1556019044, 0, 303, 477, 411, 43, 1.96%, 0, 1, 5, 1265.00
1556019049, 0, 304, 477, 410, 42, 1.96%, 0, 1, 5, 1239.79
1556019059, 0, 305, 477, 409, 41, 1.96%, 0, 1, 5, 1214.89
1556019070, 0, 307, 477, 408, 40, 1.96%, 0, 1, 5, 1251.91
1556019080, 0, 311, 481, 411, 39, 1.96%, 0, 1, 5, 1247.67
1556019085, 0, 311, 484, 414, 39, 1.96%, 0, 1, 5, 1227.60
1556019090, 0, 311, 485, 415, 39, 1.96%, 0, 1, 5, 1224.79
1556019095, 0, 311, 487, 417, 39, 1.96%, 0, 1, 5, 1257.58
1556019105, 0, 315, 487, 416, 38, 1.96%, 0, 1, 5, 127.62
1556019126, 0, 316, 487, 415, 37, 1.96%, 0, 1, 5, 556.53
1556019136, 0, 324, 487, 413, 35, 1.96%, 0, 1, 5, 1235.82
1556019141, 0, 324, 494, 420, 35, 1.97%, 0, 1, 5, 1233.98
1556019146, 0, 324, 495, 421, 35, 2.00%, 0, 1, 5, 1221.47
1556019156, 0, 324, 499, 425, 35, 2.00%, 0, 1, 5, 1231.62
1556019167, 0, 327, 500, 425, 37, 2.00%, 0, 1, 5, 1166.80
1556019172, 0, 327, 503, 428, 37, 2.01%, 0, 1, 5, 1068.45
1556019177, 0, 327, 512, 437, 37, 2.02%, 0, 1, 5, 1071.90
1556019182, 0, 327, 513, 438, 37, 2.02%, 0, 1, 5, 1172.22
1556019187, 0, 327, 520, 445, 37, 2.02%, 0, 1, 5, 1196.01
1556019197, 0, 327, 522, 447, 37, 2.02%, 0, 1, 5, 1177.67
1556019202, 0, 327, 525, 450, 37, 2.04%, 0, 1, 5, 1112.27
1556019207, 0, 331, 526, 450, 38, 2.05%, 0, 1, 5, 1160.51
1556019217, 0, 334, 526, 449, 37, 2.05%, 0, 1, 5, 94.05
1556019228, 0, 334, 527, 450, 37, 2.05%, 0, 1, 5, 90.77
1556019238, 0, 334, 529, 452, 37, 2.06%, 0, 1, 5, 89.90
1556019349, 0, 334, 530, 453, 37, 2.06%, 0, 1, 5, 47.53
1556019380, 0, 334, 531, 454, 37, 2.06%, 0, 1, 5, 52.62
1556019410, 0, 353, 532, 454, 38, 2.06%, 0, 1, 5, 243.02
1556019415, 0, 353, 542, 464, 38, 2.07%, 0, 1, 5, 821.53
1556019420, 0, 353, 547, 469, 38, 2.07%, 0, 1, 5, 1013.23
1556019425, 0, 353, 549, 471, 38, 2.07%, 0, 1, 5, 957.01
1556019431, 0, 353, 561, 483, 38, 2.07%, 0, 1, 5, 1094.28
1556019436, 0, 353, 567, 489, 38, 2.07%, 0, 1, 5, 1085.95
1556019441, 0, 353, 571, 493, 38, 2.07%, 0, 1, 5, 1107.16
1556019446, 0, 353, 573, 495, 38, 2.07%, 0, 1, 5, 1071.84
1556019456, 0, 353, 579, 501, 38, 2.07%, 0, 1, 5, 1089.16
1556019461, 0, 367, 579, 500, 39, 2.07%, 0, 1, 5, 1240.19
1556019466, 0, 368, 579, 499, 38, 2.07%, 0, 1, 5, 1241.44
1556019471, 0, 369, 579, 498, 37, 2.07%, 0, 1, 5, 1207.36
1556019476, 0, 371, 579, 497, 36, 2.07%, 0, 1, 5, 1194.63
1556019481, 0, 385, 579, 496, 35, 2.07%, 0, 1, 5, 1177.85
1556019486, 0, 385, 590, 507, 35, 2.07%, 0, 1, 5, 1204.54
1556019491, 0, 385, 599, 516, 35, 2.07%, 0, 1, 5, 1224.56
1556019496, 0, 385, 601, 518, 35, 2.07%, 0, 1, 5, 1270.82
1556019502, 0, 385, 608, 525, 35, 2.07%, 0, 1, 5, 1274.07
1556019507, 0, 385, 610, 527, 35, 2.07%, 0, 1, 5, 1248.00
1556019512, 0, 398, 611, 527, 36, 2.07%, 0, 1, 5, 1226.76
1556019517, 0, 398, 613, 529, 36, 2.07%, 0, 1, 5, 1259.31
1556019527, 0, 410, 614, 529, 35, 2.08%, 0, 1, 5, 709.25
1556019532, 0, 410, 616, 531, 35, 2.08%, 0, 1, 5, 724.29
1556019537, 0, 410, 620, 535, 35, 2.08%, 0, 1, 5, 660.16
1556019542, 0, 410, 626, 541, 35, 2.11%, 0, 1, 5, 826.00
1556019547, 0, 410, 631, 546, 35, 2.14%, 0, 1, 5, 835.61
1556019552, 0, 410, 633, 548, 35, 2.14%, 0, 1, 5, 805.19
1556019562, 0, 414, 634, 548, 43, 2.14%, 0, 1, 5, 148.55
1556019573, 0, 416, 634, 547, 43, 2.14%, 0, 1, 5, 125.28
1556019593, 0, 417, 634, 546, 42, 2.14%, 0, 1, 5, 1168.42
1556019603, 0, 420, 634, 545, 41, 2.14%, 0, 2, 5, 1189.21
1556019608, 0, 420, 635, 546, 41, 2.14%, 0, 3, 5, 1247.44
1556019613, 0, 422, 635, 545, 41, 2.14%, 0, 3, 5, 1175.72
1556019618, 0, 427, 637, 546, 40, 2.15%, 0, 3, 5, 1136.11
1556019623, 0, 427, 638, 547, 40, 2.15%, 0, 3, 5, 1205.62
1556019628, 0, 432, 638, 546, 41, 2.15%, 0, 3, 5, 1204.36
1556019633, 0, 434, 638, 545, 40, 2.15%, 0, 3, 5, 1205.62
1556019639, 0, 435, 638, 544, 39, 2.15%, 0, 3, 5, 1187.29
1556019644, 0, 435, 640, 546, 39, 2.15%, 0, 3, 5, 1169.76
1556019649, 0, 436, 642, 547, 39, 2.15%, 0, 3, 5, 1187.58
1556019654, 0, 436, 647, 552, 39, 2.15%, 0, 3, 5, 1173.07
1556019659, 0, 436, 649, 554, 39, 2.16%, 0, 3, 5, 1241.06
1556019664, 0, 436, 650, 555, 39, 2.16%, 0, 3, 5, 1209.10
1556019669, 0, 436, 651, 556, 39, 2.16%, 0, 4, 5, 1216.37
1556019674, 0, 437, 653, 557, 42, 2.16%, 0, 4, 5, 1205.02
1556019679, 0, 440, 653, 556, 41, 2.16%, 0, 4, 5, 1133.48
1556019689, 0, 442, 653, 555, 40, 2.16%, 0, 4, 5, 1200.78
1556019694, 0, 446, 653, 554, 39, 2.16%, 0, 4, 5, 1268.47
1556019710, 0, 465, 654, 554, 38, 2.16%, 0, 4, 5, 1237.79
1556019715, 0, 465, 657, 557, 38, 2.16%, 0, 4, 5, 1210.10
1556019720, 0, 465, 660, 560, 38, 2.16%, 0, 4, 5, 1263.67
1556019725, 0, 465, 661, 561, 38, 2.16%, 0, 4, 5, 1111.02
1556019730, 0, 465, 662, 562, 38, 2.16%, 0, 4, 5, 1134.55
1556019745, 0, 473, 664, 563, 37, 2.16%, 0, 4, 5, 1228.45
1556019750, 0, 473, 666, 565, 37, 2.16%, 0, 4, 5, 1298.30
1556019755, 0, 473, 668, 567, 37, 2.16%, 0, 4, 5, 1182.71
1556019765, 0, 479, 668, 566, 37, 2.16%, 0, 4, 5, 1214.46
1556019770, 0, 482, 668, 565, 36, 2.16%, 0, 4, 5, 1224.91
1556019780, 0, 488, 668, 564, 36, 2.16%, 0, 4, 5, 1222.59
1556019785, 0, 490, 668, 563, 35, 2.16%, 0, 4, 5, 112.60
1556019796, 0, 490, 671, 566, 35, 2.16%, 0, 4, 6, 1126.04
1556019806, 0, 494, 673, 567, 35, 2.17%, 0, 4, 6, 1127.02
1556019811, 0, 494, 675, 569, 35, 2.17%, 0, 4, 6, 1179.07
1556019816, 0, 508, 677, 570, 36, 2.17%, 0, 4, 6, 1012.77
1556019826, 0, 509, 678, 570, 35, 2.17%, 0, 4, 6, 1100.77
1556019831, 0, 509, 679, 571, 35, 2.17%, 0, 4, 6, 97.91
1556019836, 0, 509, 680, 572, 35, 2.17%, 0, 4, 6, 840.31
1556019842, 0, 509, 681, 573, 35, 2.17%, 0, 4, 6, 1046.10
1556019847, 0, 524, 683, 574, 36, 2.17%, 0, 4, 6, 1147.12
1556019852, 0, 524, 684, 575, 36, 2.17%, 0, 4, 6, 1165.87
1556019857, 0, 524, 689, 580, 36, 2.17%, 0, 4, 6, 1196.22
1556019872, 0, 530, 693, 583, 36, 2.17%, 0, 4, 6, 47.22
1556019923, 0, 538, 699, 588, 34, 2.17%, 0, 4, 6, 1016.94
1556019928, 0, 538, 700, 589, 34, 2.17%, 0, 4, 6, 1150.50
1556019933, 0, 538, 701, 590, 34, 2.17%, 0, 4, 6, 1080.41
1556019938, 0, 538, 708, 597, 34, 2.17%, 0, 4, 6, 1146.93
1556019944, 0, 538, 711, 600, 34, 2.19%, 0, 4, 6, 1143.50
1556019949, 0, 538, 715, 604, 34, 2.20%, 0, 4, 6, 1143.21
1556019954, 0, 538, 720, 609, 34, 2.20%, 0, 4, 6, 1114.72
1556019959, 0, 538, 722, 611, 34, 2.20%, 0, 4, 6, 1126.85
1556019964, 0, 539, 723, 611, 33, 2.20%, 0, 4, 6, 1120.88
1556019969, 0, 539, 724, 612, 33, 2.20%, 0, 4, 6, 1135.45
1556019974, 0, 539, 725, 613, 33, 2.20%, 0, 4, 6, 1159.77
1556019979, 0, 539, 727, 615, 33, 2.20%, 0, 4, 6, 1125.51
1556019984, 0, 539, 730, 618, 33, 2.20%, 0, 4, 6, 1153.45
1556019989, 0, 539, 735, 623, 33, 2.20%, 0, 4, 6, 1174.52
1556019994, 0, 539, 736, 624, 33, 2.20%, 0, 4, 6, 1165.48
1556019999, 0, 539, 737, 625, 33, 2.20%, 0, 4, 6, 1170.57
1556020005, 0, 598, 738, 625, 35, 2.21%, 0, 4, 6, 1229.99
1556020010, 0, 598, 739, 626, 35, 2.21%, 0, 4, 6, 1285.11
1556020015, 0, 598, 742, 629, 35, 2.21%, 0, 4, 6, 1123.95
1556020020, 0, 598, 750, 637, 35, 2.21%, 0, 4, 6, 1165.38
1556020025, 0, 598, 755, 642, 35, 2.21%, 0, 4, 6, 1165.01
1556020040, 0, 598, 757, 644, 35, 2.21%, 0, 4, 6, 1171.33
1556020045, 0, 601, 759, 645, 37, 2.21%, 0, 4, 6, 1188.16
1556020051, 0, 601, 761, 647, 37, 2.21%, 0, 4, 6, 1214.44
1556020056, 0, 601, 762, 648, 37, 2.21%, 0, 4, 6, 1188.24
1556020061, 0, 601, 763, 649, 37, 2.21%, 0, 4, 6, 1224.96
1556020066, 0, 601, 773, 659, 37, 2.21%, 0, 4, 6, 1236.68
1556020071, 0, 601, 775, 661, 37, 2.21%, 0, 4, 6, 1264.05
1556020076, 0, 601, 778, 664, 37, 2.21%, 0, 4, 6, 1258.49
1556020081, 0, 601, 780, 666, 37, 2.21%, 0, 4, 6, 1284.01
1556020091, 0, 605, 780, 665, 37, 2.21%, 0, 4, 6, 1253.77
1556020096, 0, 605, 782, 667, 37, 2.21%, 0, 4, 6, 1116.85
1556020101, 0, 613, 784, 668, 36, 2.21%, 0, 4, 6, 1123.72
1556020106, 0, 613, 785, 669, 36, 2.21%, 0, 4, 6, 1116.55
1556020111, 0, 613, 787, 671, 36, 2.21%, 0, 4, 6, 1111.57
1556020117, 0, 613, 791, 675, 36, 2.21%, 0, 4, 6, 1105.93
