# unix_time, cycles_done, cur_path, paths_total, pending_total, pending_favs, map_size, unique_crashes, unique_hangs, max_depth, execs_per_sec
1556013010, 0, 0, 4, 4, 1, 0.29%, 0, 0, 1, 780.49
1556013015, 0, 3, 68, 68, 1, 0.89%, 0, 0, 2, 1262.85
1556013020, 0, 3, 86, 86, 1, 1.21%, 0, 0, 2, 1406.92
1556013025, 0, 3, 99, 99, 1, 1.22%, 0, 0, 2, 1431.70
1556013030, 0, 3, 113, 113, 1, 1.25%, 0, 0, 2, 1427.65
1556013035, 0, 5, 123, 122, 34, 1.30%, 0, 0, 2, 1435.77
1556013040, 0, 5, 134, 133, 34, 1.37%, 0, 0, 3, 1449.04
1556013045, 0, 5, 137, 136, 34, 1.41%, 0, 0, 3, 1433.17
1556013050, 0, 5, 141, 140, 34, 1.45%, 0, 0, 3, 1452.31
1556013055, 0, 5, 145, 144, 34, 1.46%, 0, 0, 3, 1398.48
1556013060, 0, 7, 147, 145, 44, 1.46%, 0, 0, 3, 1213.60
1556013066, 0, 13, 150, 147, 43, 1.46%, 0, 0, 3, 1343.24
1555995600, 0, 20, 153, 148, 41, 1.48%, 0, 0, 3, 0.00
1555995605, 0, 33, 153, 146, 41, 1.48%, 0, 0, 3, 1423.40
1556013076, 0, 33, 156, 149, 41, 1.49%, 0, 0, 3, 0.01
1555995600, 0, 33, 159, 152, 41, 1.50%, 0, 0, 3, 0.00
1555995605, 0, 33, 160, 153, 41, 1.50%, 0, 0, 3, 1385.26
1555995610, 0, 33, 166, 159, 41, 1.51%, 0, 0, 3, 1401.83
1555959600, 0, 33, 167, 160, 41, 1.52%, 0, 0, 3, 0.00
1555268405, 0, 33, 168, 161, 41, 1.52%, 0, 0, 3, 1382.74
1555268410, 0, 42, 179, 171, 45, 1.60%, 0, 0, 3, 1359.75
1556013106, 0, 42, 184, 176, 45, 1.64%, 0, 0, 3, 0.00
1556013111, 0, 42, 187, 179, 45, 1.64%, 0, 0, 3, 1383.54
1556013116, 0, 42, 190, 182, 45, 1.64%, 0, 0, 3, 1382.93
1556013121, 0, 45, 192, 183, 50, 1.64%, 0, 0, 3, 1410.95
1556013131, 0, 45, 193, 184, 50, 1.64%, 0, 0, 3, 1176.42
1556013136, 0, 57, 194, 184, 49, 1.64%, 0, 0, 3, 1323.74
1556013142, 0, 64, 196, 185, 49, 1.64%, 0, 0, 3, 1329.74
1556013147, 0, 64, 211, 200, 49, 1.69%, 0, 0, 3, 1234.32
1555959600, 0, 64, 213, 202, 49, 1.69%, 0, 0, 3, 0.00
1555959605, 0, 64, 222, 211, 49, 1.75%, 0, 0, 3, 1246.47
1555959610, 0, 64, 231, 220, 49, 1.80%, 0, 0, 3, 1354.80
1555912800, 0, 64, 234, 223, 49, 1.80%, 0, 0, 3, 0.00
1555912805, 0, 68, 239, 227, 60, 1.80%, 0, 0, 3, 1387.49
1555977600, 0, 72, 240, 227, 59, 1.81%, 0, 0, 3, 0.00
1555959600, 0, 73, 241, 227, 59, 1.81%, 0, 0, 3, 0.00
1555891200, 0, 74, 241, 226, 58, 1.81%, 0, 0, 3, 0.00
1555891200, 0, 74, 242, 227, 58, 1.81%, 0, 0, 3, 0.00
1555934400, 0, 74, 255, 240, 58, 1.87%, 0, 0, 3, 0.00
1555804805, 0, 74, 257, 242, 58, 1.87%, 0, 0, 3, 1379.81
1555804810, 0, 77, 259, 243, 63, 1.87%, 0, 0, 3, 1402.59
1555804815, 0, 78, 259, 242, 62, 1.87%, 0, 0, 3, 1412.92
1556013201, 0, 88, 260, 242, 61, 1.87%, 0, 0, 3, 1410.00
1556013206, 0, 88, 262, 244, 61, 1.87%, 0, 0, 3, 1405.12
1556013211, 0, 88, 264, 246, 61, 1.87%, 0, 0, 3, 1363.97
1556013216, 0, 88, 266, 248, 61, 1.87%, 0, 0, 3, 1386.67
1555981200, 0, 91, 267, 248, 61, 1.88%, 0, 0, 3, 0.00
1555894800, 0, 91, 269, 250, 61, 1.88%, 0, 0, 3, 0.00
1555956000, 0, 91, 270, 251, 61, 1.88%, 0, 0, 3, 0.00
1555894800, 0, 91, 271, 252, 61, 1.89%, 0, 0, 3, 0.00
1556154005, 0, 94, 273, 253, 62, 1.89%, 0, 0, 3, 1220.53
1556154010, 0, 94, 275, 255, 62, 1.89%, 0, 0, 3, 1154.06
1556013256, 0, 94, 277, 257, 62, 1.89%, 0, 0, 3, 0.00
1556013261, 0, 101, 278, 257, 61, 1.89%, 0, 0, 3, 1359.41
1555977600, 0, 103, 280, 258, 60, 1.90%, 0, 0, 3, 0.00
1556017200, 0, 108, 280, 257, 61, 1.90%, 0, 0, 3, 0.00
1556017205, 0, 109, 280, 256, 60, 1.90%, 0, 0, 3, 1517.43
1556017210, 0, 109, 287, 263, 60, 1.91%, 0, 0, 3, 1528.79
1556013291, 0, 115, 287, 261, 60, 1.91%, 0, 0, 3, 1540.26
1556013296, 0, 116, 289, 262, 59, 1.93%, 0, 0, 3, 1509.16
1556013301, 0, 116, 293, 266, 59, 1.93%, 0, 0, 3, 1479.77
1556013316, 0, 116, 296, 269, 59, 1.93%, 0, 0, 3, 1363.44
1556013321, 0, 116, 298, 271, 59, 1.93%, 0, 0, 3, 1461.21
1556013327, 0, 116, 302, 275, 59, 1.93%, 0, 0, 3, 1497.35
1555992000, 0, 119, 304, 276, 61, 1.94%, 0, 0, 3, 0.00
1555992005, 0, 120, 309, 280, 61, 1.95%, 0, 0, 3, 1530.84
1556013346, 0, 124, 309, 278, 62, 1.95%, 0, 0, 3, 0.00
1556013351, 0, 124, 311, 280, 62, 1.95%, 0, 0, 4, 1541.91
1555977600, 0, 127, 311, 279, 63, 1.95%, 0, 0, 4, 0.00
1556755200, 0, 127, 312, 280, 63, 1.96%, 0, 0, 4, 0.00
1589241600, 0, 127, 313, 281, 63, 1.96%, 0, 0, 4, 0.00
1589223600, 0, 128, 313, 280, 61, 1.96%, 0, 0, 4, 0.00
1589155205, 0, 133, 314, 280, 60, 1.96%, 0, 0, 4, 1524.49
1589155210, 0, 135, 318, 283, 60, 1.97%, 0, 0, 4, 1537.17
1589155215, 0, 135, 320, 285, 60, 1.98%, 0, 0, 4, 1429.49
1556006400, 0, 136, 321, 285, 64, 1.99%, 0, 0, 4, 0.00
1555977600, 0, 137, 321, 284, 64, 1.99%, 0, 0, 4, 0.00
1556910000, 0, 138, 321, 283, 63, 1.99%, 0, 0, 4, 0.00
1524510005, 0, 139, 331, 292, 62, 2.00%, 0, 0, 4, 1472.42
1524510010, 0, 139, 341, 302, 62, 2.02%, 0, 0, 4, 1528.52
1524510015, 0, 144, 345, 305, 66, 2.04%, 0, 0, 4, 1532.04
1556013406, 0, 146, 346, 305, 66, 2.04%, 0, 0, 4, 0.00
1556013411, 0, 151, 347, 305, 65, 2.07%, 0, 0, 4, 1580.66
1555995605, 0, 154, 348, 305, 64, 2.07%, 0, 0, 4, 1527.05
1555995610, 0, 154, 349, 306, 64, 2.07%, 0, 0, 4, 1543.52
1555959600, 0, 159, 350, 306, 63, 2.07%, 0, 0, 4, 0.00
1555959605, 0, 162, 350, 305, 62, 2.07%, 0, 0, 4, 1558.93
1555959610, 0, 170, 351, 305, 61, 2.07%, 0, 0, 4, 1566.98
1555977600, 0, 172, 351, 304, 60, 2.07%, 0, 0, 4, 0.00
1555992000, 0, 173, 351, 303, 59, 2.07%, 0, 0, 4, 0.02
1555992005, 0, 180, 352, 303, 59, 2.07%, 0, 0, 4, 1564.07
1555992010, 0, 181, 353, 303, 58, 2.08%, 0, 0, 4, 1512.97
1555992015, 0, 190, 353, 302, 58, 2.08%, 0, 0, 4, 1451.97
1556013471, 0, 190, 354, 303, 58, 2.08%, 0, 0, 4, 1523.22
1556013476, 0, 190, 355, 304, 58, 2.08%, 0, 0, 4, 1522.41
1556013481, 0, 194, 355, 303, 58, 2.08%, 0, 0, 4, 1548.27
1556013491, 0, 194, 356, 304, 58, 2.08%, 0, 0, 4, 1574.57
1556013496, 0, 211, 356, 303, 58, 2.08%, 0, 0, 4, 1587.39
1556013501, 0, 211, 358, 305, 58, 2.08%, 0, 0, 4, 1570.32
1556013506, 0, 211, 360, 307, 58, 2.08%, 0, 0, 4, 1570.08
1556013511, 0, 216, 360, 306, 57, 2.08%, 0, 0, 4, 1550.26
1556013516, 0, 218, 362, 307, 56, 2.09%, 0, 0, 4, 1525.99
1556013522, 0, 218, 365, 310, 56, 2.10%, 0, 0, 4, 1531.94
1556013527, 0, 218, 367, 312, 56, 2.12%, 0, 0, 4, 1573.69
1556013532, 0, 220, 372, 316, 59, 2.12%, 0, 0, 4, 1560.41
1556013537, 0, 220, 374, 318, 59, 2.12%, 0, 0, 4, 1566.77
1556013542, 0, 220, 375, 319, 59, 2.12%, 0, 0, 4, 1569.64
1556013547, 0, 221, 379, 322, 58, 2.13%, 0, 0, 4, 1543.04
1556013552, 0, 221, 381, 324, 58, 2.14%, 0, 0, 4, 1475.41
1556013557, 0, 221, 385, 328, 58, 2.15%, 0, 0, 4, 1540.82
1556013562, 0, 223, 386, 328, 62, 2.15%, 0, 0, 4, 1548.66
1555959605, 0, 229, 386, 327, 61, 2.15%, 0, 0, 4, 1602.10
1555959610, 0, 236, 386, 326, 60, 2.15%, 0, 0, 4, 1613.16
1555891200, 0, 239, 388, 327, 60, 2.16%, 0, 0, 4, 0.00
1555891200, 0, 241, 388, 326, 59, 2.16%, 0, 0, 4, 0.00
1556013586, 0, 241, 390, 328, 59, 2.16%, 0, 0, 4, 0.00
1556064001, 0, 242, 390, 327, 58, 2.16%, 0, 0, 4, 0.00
1556168400, 0, 242, 393, 330, 58, 2.17%, 0, 0, 4, 0.01
1556168405, 0, 242, 394, 331, 58, 2.17%, 0, 0, 4, 1460.63
1556175600, 0, 248, 395, 330, 60, 2.17%, 0, 0, 4, 0.02
1556175600, 0, 248, 396, 331, 60, 2.17%, 0, 0, 4, 0.00
1556150400, 0, 249, 398, 332, 60, 2.17%, 0, 0, 4, 0.00
1556150400, 0, 249, 399, 333, 60, 2.17%, 0, 0, 4, 0.00
1587772803, 0, 250, 400, 333, 60, 2.17%, 0, 0, 4, 0.00
1556013616, 0, 250, 401, 334, 60, 2.17%, 0, 0, 4, 0.00
1558605617, 0, 252, 401, 333, 59, 2.17%, 0, 0, 4, 0.00
1561197622, 0, 253, 402, 333, 58, 2.17%, 0, 0, 4, 0.00
1561111228, 0, 256, 405, 335, 57, 2.17%, 0, 0, 4, 1484.81
1561111233, 0, 257, 410, 339, 56, 2.20%, 0, 0, 4, 1382.43
1561104000, 0, 257, 413, 342, 56, 2.21%, 0, 0, 4, 0.00
1561104005, 0, 257, 419, 348, 56, 2.22%, 0, 0, 4, 177.33
1556014640, 0, 257, 422, 351, 56, 2.23%, 0, 0, 4, 1044.74
1555992005, 0, 257, 429, 358, 56, 2.25%, 0, 0, 4, 1336.27
1555992010, 0, 257, 432, 361, 56, 2.27%, 0, 0, 4, 1347.45
1555992015, 0, 266, 432, 359, 67, 2.27%, 0, 0, 4, 1349.26
