# unix_time, cycles_done, cur_path, paths_total, pending_total, pending_favs, map_size, unique_crashes, unique_hangs, max_depth, execs_per_sec
1555670128, 0, 0, 6, 6, 1, 0.15%, 0, 0, 1, 1090.91
1555670133, 0, 2, 86, 86, 1, 0.54%, 0, 0, 2, 237.21
1555670138, 0, 2, 105, 105, 1, 0.55%, 0, 0, 2, 1271.39
1555670143, 0, 2, 121, 121, 1, 0.55%, 0, 0, 2, 1267.08
1555670148, 0, 2, 124, 124, 1, 0.55%, 0, 0, 2, 1230.64
1555670166, 0, 2, 125, 125, 1, 0.55%, 0, 0, 2, 1.41
1555670171, 0, 2, 127, 127, 1, 0.55%, 0, 0, 2, 1201.49
1555670176, 0, 13, 129, 126, 19, 0.55%, 0, 0, 3, 1206.58
1555670181, 0, 13, 135, 132, 19, 0.55%, 0, 0, 3, 1204.26
1555670187, 0, 13, 137, 134, 19, 0.55%, 0, 0, 3, 1194.57
1555670192, 0, 13, 144, 141, 19, 0.56%, 0, 0, 3, 1172.44
1555670197, 0, 13, 145, 142, 19, 0.56%, 0, 0, 3, 1216.05
1555670202, 0, 13, 146, 143, 19, 0.56%, 0, 0, 3, 1202.29
1555670207, 0, 17, 150, 146, 19, 0.56%, 0, 0, 3, 1186.58
1555670212, 0, 17, 152, 148, 19, 0.56%, 0, 0, 3, 1212.17
1555670217, 0, 17, 156, 152, 19, 0.56%, 0, 0, 3, 1207.34
1555670222, 0, 17, 157, 153, 19, 0.56%, 0, 0, 3, 1100.17
1555670227, 0, 17, 160, 156, 19, 0.56%, 0, 0, 3, 1064.08
1555670233, 0, 17, 161, 157, 19, 0.56%, 0, 0, 3, 1207.98
1555670238, 0, 32, 161, 153, 15, 0.56%, 0, 0, 3, 1226.70
1555670243, 0, 46, 162, 152, 13, 0.56%, 0, 0, 3, 1248.04
1555670248, 0, 66, 163, 150, 11, 0.56%, 0, 0, 3, 1259.10
1555670253, 0, 68, 165, 150, 9, 0.56%, 0, 0, 3, 1248.63
1555670258, 0, 85, 165, 147, 6, 0.56%, 0, 0, 3, 1172.28
1555670263, 0, 99, 165, 146, 5, 0.56%, 0, 0, 3, 1124.50
1555670268, 0, 99, 167, 148, 5, 0.56%, 0, 0, 3, 1106.22
1555670273, 0, 126, 169, 149, 4, 0.57%, 0, 0, 3, 1097.26
1555670279, 0, 126, 171, 151, 4, 0.57%, 0, 0, 3, 1075.05
1555670289, 0, 126, 177, 157, 4, 0.57%, 0, 0, 3, 1131.31
1555670294, 0, 126, 182, 162, 4, 0.57%, 0, 0, 3, 1155.30
1555670299, 0, 126, 185, 165, 4, 0.57%, 0, 0, 3, 1176.19
1555670304, 0, 126, 188, 168, 4, 0.57%, 0, 0, 3, 1154.27
1555670309, 0, 126, 190, 170, 4, 0.57%, 0, 0, 3, 937.38
1555670314, 0, 126, 191, 171, 4, 0.58%, 0, 0, 3, 1097.98
1555670319, 0, 161, 204, 182, 16, 0.63%, 0, 0, 4, 1185.47
1555670324, 0, 161, 207, 185, 16, 0.63%, 0, 0, 4, 1201.13
1555670329, 0, 161, 209, 187, 16, 0.63%, 0, 0, 4, 1185.89
1555670350, 0, 162, 209, 186, 16, 0.63%, 0, 0, 4, 1218.82
1555670355, 0, 165, 209, 185, 15, 0.63%, 0, 0, 4, 1142.39
1555670365, 0, 167, 209, 184, 14, 0.63%, 0, 0, 4, 1185.21
1555670380, 0, 167, 210, 185, 14, 0.63%, 0, 0, 4, 1179.34
1555670385, 0, 191, 213, 187, 13, 0.63%, 0, 0, 5, 1229.64
1555670390, 0, 191, 214, 188, 13, 0.63%, 0, 0, 5, 1179.99
1555670396, 0, 191, 216, 190, 13, 0.63%, 0, 0, 5, 1113.56
1555670401, 0, 191, 219, 193, 13, 0.63%, 0, 0, 5, 1169.54
1555670406, 0, 191, 220, 194, 13, 0.63%, 0, 0, 5, 1200.17
1555670411, 0, 192, 222, 195, 13, 0.63%, 0, 0, 5, 1203.38
1555670416, 0, 194, 224, 195, 11, 0.64%, 0, 0, 5, 1200.95
1555670421, 0, 197, 225, 193, 9, 0.64%, 0, 0, 5, 1216.50
1555670426, 0, 203, 226, 191, 6, 0.64%, 0, 0, 5, 1146.83
1555670431, 0, 203, 228, 193, 6, 0.64%, 0, 0, 5, 1130.69
1555670436, 0, 203, 230, 195, 6, 0.64%, 0, 0, 5, 1179.37
1555670441, 0, 203, 231, 196, 6, 0.64%, 0, 0, 5, 1058.90
1555670446, 0, 203, 232, 197, 6, 0.64%, 0, 0, 5, 1064.47
1555670462, 0, 209, 234, 198, 5, 0.64%, 0, 0, 5, 843.98
1555670483, 0, 209, 238, 202, 5, 0.64%, 0, 0, 5, 1115.25
1555670488, 0, 209, 239, 203, 5, 0.64%, 0, 0, 5, 1159.91
1555670503, 0, 212, 239, 202, 4, 0.64%, 0, 0, 5, 1165.30
1555670508, 0, 212, 243, 206, 4, 0.64%, 0, 0, 6, 1189.93
1555670513, 0, 212, 244, 207, 4, 0.64%, 0, 0, 6, 1163.46
1555670523, 0, 212, 245, 208, 4, 0.64%, 0, 0, 6, 1217.93
1555670528, 0, 212, 246, 209, 4, 0.64%, 0, 0, 6, 1208.40
1555670534, 0, 220, 248, 210, 3, 0.64%, 0, 0, 6, 1192.05
1555670539, 0, 222, 249, 210, 2, 0.64%, 0, 0, 6, 1204.31
1555670544, 0, 238, 251, 210, 1, 0.64%, 0, 0, 6, 1141.22
1555670579, 0, 238, 252, 211, 1, 0.64%, 0, 0, 6, 1031.32
1555670584, 0, 238, 253, 212, 1, 0.64%, 0, 0, 6, 987.08
1555670590, 0, 250, 254, 212, 1, 0.64%, 0, 0, 7, 1019.74
1555670595, 0, 250, 257, 215, 1, 0.64%, 0, 0, 7, 1207.77
1555670600, 0, 250, 260, 218, 1, 0.64%, 0, 0, 7, 1166.55
1555670605, 0, 250, 261, 219, 1, 0.64%, 0, 0, 7, 1156.10
1555670610, 0, 250, 262, 220, 1, 0.64%, 0, 0, 7, 1184.58
1555670615, 0, 250, 264, 222, 1, 0.64%, 0, 0, 7, 1220.82
1555670620, 1, 14, 264, 220, 0, 0.64%, 0, 0, 7, 1220.64
1555670625, 1, 30, 264, 218, 0, 0.64%, 0, 0, 7, 1216.97
1555670630, 1, 34, 264, 216, 0, 0.64%, 0, 0, 7, 1193.13
1555670635, 1, 45, 264, 215, 0, 0.64%, 0, 0, 7, 1197.08
1555670640, 1, 50, 264, 214, 0, 0.64%, 0, 0, 7, 1157.66
1555670645, 1, 59, 264, 213, 0, 0.64%, 0, 0, 7, 1161.86
1555670650, 1, 61, 264, 212, 0, 0.64%, 0, 0, 7, 1118.04
1555670660, 1, 71, 264, 211, 0, 0.64%, 0, 0, 7, 1192.47
1555670665, 1, 84, 264, 210, 0, 0.64%, 0, 0, 7, 222.75
1555670676, 1, 91, 265, 210, 0, 0.64%, 0, 0, 7, 1067.02
1555670681, 1, 97, 265, 209, 0, 0.64%, 0, 0, 7, 1163.63
1555670686, 1, 103, 265, 208, 0, 0.64%, 0, 0, 7, 1211.34
1555670691, 1, 117, 265, 206, 0, 0.64%, 0, 0, 7, 1210.70
1555670696, 1, 120, 265, 205, 0, 0.64%, 0, 0, 7, 1205.56
1555670701, 1, 122, 265, 204, 0, 0.64%, 0, 0, 7, 1206.04
1555670706, 1, 124, 265, 203, 0, 0.64%, 0, 0, 7, 1198.94
1555670716, 1, 128, 265, 202, 0, 0.64%, 0, 0, 7, 1155.11
1555670727, 1, 129, 265, 201, 0, 0.64%, 0, 0, 7, 1127.90
1555670732, 1, 130, 265, 200, 0, 0.64%, 0, 0, 7, 209.52
1555670747, 1, 132, 265, 199, 0, 0.64%, 0, 0, 7, 1131.83
1555670762, 1, 133, 265, 198, 0, 0.64%, 0, 0, 7, 1157.60
1555670767, 1, 136, 265, 197, 0, 0.64%, 0, 0, 7, 1157.67
1555670777, 1, 136, 269, 201, 0, 0.64%, 0, 0, 7, 1143.47
1555670782, 1, 136, 270, 202, 0, 0.64%, 0, 0, 7, 1097.19
1555670803, 1, 136, 271, 203, 0, 0.64%, 0, 0, 7, 1114.62
1555670808, 1, 137, 271, 202, 0, 0.64%, 0, 0, 7, 1107.09
1555670823, 1, 138, 271, 201, 0, 0.64%, 0, 0, 7, 1157.71
1555670828, 1, 139, 271, 200, 0, 0.64%, 0, 0, 7, 1178.44
1555670833, 1, 170, 271, 199, 0, 0.64%, 0, 0, 7, 1172.92
1555670848, 1, 170, 272, 200, 0, 0.64%, 0, 0, 7, 1155.08
1555670854, 1, 175, 273, 200, 0, 0.64%, 0, 0, 7, 1115.30
1555670889, 1, 179, 273, 199, 0, 0.64%, 0, 0, 7, 1086.71
1555670899, 1, 180, 273, 198, 0, 0.64%, 0, 0, 7, 1052.18
1555670925, 1, 183, 273, 197, 0, 0.64%, 0, 0, 7, 1121.51
1555670950, 1, 183, 275, 199, 0, 0.64%, 0, 0, 7, 1132.62
1555670955, 1, 183, 276, 200, 0, 0.64%, 0, 0, 7, 1119.42
1555670960, 1, 183, 277, 201, 0, 0.64%, 0, 0, 7, 1109.34
1555670975, 1, 185, 277, 200, 0, 0.64%, 0, 0, 7, 1057.59
1555671006, 1, 186, 277, 199, 0, 0.64%, 0, 0, 7, 1026.57
1555671036, 1, 187, 277, 198, 0, 0.64%, 0, 0, 7, 1045.21
1555671067, 1, 189, 278, 198, 0, 0.64%, 0, 0, 7, 1137.20
1555671093, 1, 203, 278, 197, 0, 0.64%, 0, 0, 7, 1137.96
1555671098, 1, 210, 282, 201, 0, 0.64%, 0, 0, 7, 1171.22
1555671103, 1, 215, 283, 201, 0, 0.64%, 0, 0, 7, 1102.01
1555671108, 1, 223, 283, 200, 0, 0.64%, 0, 0, 7, 1147.82
1555671113, 1, 227, 283, 199, 0, 0.64%, 0, 0, 7, 1023.97
1555671118, 1, 227, 288, 204, 0, 0.64%, 0, 0, 7, 1208.42
1555671123, 1, 227, 289, 205, 0, 0.64%, 0, 0, 7, 1138.67
1555671128, 1, 227, 290, 206, 0, 0.64%, 0, 0, 7, 1174.95
1555671133, 1, 227, 291, 207, 0, 0.64%, 0, 0, 7, 1108.06
1555671138, 1, 227, 293, 209, 0, 0.64%, 0, 0, 7, 1101.64
1555671143, 1, 227, 294, 210, 0, 0.65%, 0, 0, 7, 1161.38
1555671148, 1, 293, 298, 213, 1, 0.65%, 0, 0, 7, 1102.73
1555671159, 1, 293, 299, 214, 1, 0.65%, 0, 0, 7, 859.94
1555671164, 1, 293, 306, 221, 1, 0.65%, 0, 0, 7, 992.83
1555671169, 1, 293, 308, 223, 1, 0.65%, 0, 0, 7, 1086.93
1555671174, 1, 293, 309, 224, 1, 0.65%, 0, 0, 7, 1072.82
1555671184, 1, 293, 311, 226, 1, 0.65%, 0, 0, 7, 1120.09
1555671194, 1, 302, 313, 227, 1, 0.65%, 0, 0, 8, 1082.72
1555671209, 1, 302, 314, 228, 1, 0.65%, 0, 0, 8, 1152.95
1555671215, 1, 302, 315, 229, 1, 0.65%, 0, 0, 8, 1136.71
1555671220, 1, 302, 316, 230, 1, 0.65%, 0, 0, 8, 1094.64
1555671225, 1, 302, 317, 231, 1, 0.65%, 0, 0, 8, 1094.79
1555671230, 1, 302, 319, 233, 1, 0.65%, 0, 0, 8, 1139.40
1555671235, 1, 309, 322, 235, 0, 0.65%, 0, 0, 8, 1102.06
1555671260, 1, 309, 323, 236, 0, 0.65%, 0, 0, 8, 1114.57
1555671265, 1, 309, 324, 237, 0, 0.65%, 0, 0, 8, 1101.45
1555671275, 1, 309, 325, 238, 0, 0.65%, 0, 0, 8, 1113.70
1555671280, 1, 316, 325, 237, 0, 0.65%, 0, 0, 8, 1100.12
1555671301, 1, 316, 326, 238, 0, 0.65%, 0, 0, 9, 1128.74
1555671306, 1, 316, 328, 240, 0, 0.65%, 0, 0, 9, 1132.86
1555671311, 1, 316, 330, 242, 0, 0.65%, 0, 0, 9, 1104.64
1555671316, 1, 327, 332, 243, 1, 0.65%, 0, 0, 10, 1083.56
1555671321, 1, 327, 333, 244, 1, 0.65%, 0, 0, 10, 1099.25
1555671326, 1, 327, 334, 245, 1, 0.65%, 0, 0, 10, 998.03
1555671342, 1, 331, 335, 245, 1, 0.65%, 0, 0, 11, 1083.08
1555671357, 1, 332, 335, 244, 0, 0.65%, 0, 0, 11, 1006.09
1555671362, 1, 332, 336, 245, 0, 0.65%, 0, 0, 11, 1029.94
1555671372, 1, 332, 337, 246, 0, 0.65%, 0, 0, 11, 1104.07
1555671377, 1, 332, 338, 247, 0, 0.65%, 0, 0, 11, 1079.88
1555671387, 1, 337, 338, 246, 0, 0.65%, 0, 0, 11, 943.17
1555671433, 1, 337, 344, 252, 0, 0.77%, 0, 0, 12, 991.29
1555671438, 1, 337, 345, 253, 0, 0.77%, 0, 0, 12, 1004.28
1555671449, 1, 340, 347, 254, 1, 0.79%, 0, 0, 13, 1052.27
1555671459, 1, 346, 347, 253, 1, 0.79%, 0, 0, 13, 1172.63
1555671464, 2, 7, 347, 251, 0, 0.79%, 0, 0, 13, 1168.25
1555671469, 2, 21, 347, 248, 0, 0.79%, 0, 0, 13, 1172.81
1555671474, 2, 27, 348, 246, 0, 0.79%, 0, 0, 13, 1135.18
1555671479, 2, 44, 348, 245, 0, 0.79%, 0, 0, 13, 1103.21
1555671484, 2, 48, 348, 244, 0, 0.79%, 0, 0, 13, 1153.92
1555671489, 2, 49, 348, 243, 0, 0.79%, 0, 0, 13, 1161.09
1555671494, 2, 56, 348, 242, 0, 0.79%, 0, 0, 13, 1133.34
1555671504, 2, 57, 349, 242, 0, 0.79%, 0, 0, 13, 1128.97
1555671510, 2, 72, 349, 241, 0, 0.79%, 0, 0, 13, 1188.21
1555671520, 2, 73, 349, 240, 0, 0.79%, 0, 0, 13, 1122.76
1555671525, 2, 82, 349, 239, 0, 0.79%, 0, 0, 13, 1129.91
1555671530, 2, 89, 349, 238, 0, 0.79%, 0, 0, 13, 1156.34
1555671540, 2, 94, 350, 238, 0, 0.79%, 0, 0, 13, 1103.04
1555671550, 2, 100, 350, 237, 0, 0.79%, 0, 0, 13, 1150.43
1555671555, 2, 101, 350, 236, 0, 0.79%, 0, 0, 13, 1122.98
1555671565, 2, 107, 350, 235, 0, 0.79%, 0, 0, 13, 1084.95
1555671580, 2, 115, 351, 235, 0, 0.79%, 0, 0, 13, 1096.93
1555671586, 2, 117, 351, 234, 0, 0.79%, 0, 0, 13, 1103.32
1555671591, 2, 118, 351, 234, 0, 0.79%, 0, 0, 13, 1080.47
1555671601, 2, 123, 351, 233, 0, 0.79%, 0, 0, 13, 1122.11
1555671616, 2, 127, 351, 232, 0, 0.79%, 0, 0, 13, 1100.13
1555671621, 2, 144, 351, 230, 0, 0.79%, 0, 0, 13, 1067.30
1555671636, 2, 145, 351, 229, 0, 0.79%, 0, 0, 13, 1126.64
1555671641, 2, 147, 353, 230, 0, 0.79%, 0, 0, 13, 1136.53
1555671646, 2, 148, 354, 230, 0, 0.79%, 0, 0, 13, 1146.67
1555671657, 2, 148, 356, 232, 0, 0.79%, 0, 0, 13, 1091.84
1555671662, 2, 154, 356, 231, 0, 0.79%, 0, 0, 13, 1044.79
1555671677, 2, 155, 356, 230, 0, 0.79%, 0, 0, 13, 1066.05
1555671692, 2, 157, 356, 229, 0, 0.79%, 0, 0, 13, 1089.75
1555671702, 2, 160, 356, 228, 0, 0.79%, 0, 0, 13, 1084.46
1555671723, 2, 166, 356, 227, 0, 0.79%, 0, 0, 13, 840.26
1555671753, 2, 168, 356, 226, 0, 0.79%, 0, 0, 13, 1089.19
1555671774, 2, 173, 356, 225, 0, 0.79%, 0, 0, 13, 1041.41
1555671794, 2, 181, 356, 224, 0, 0.79%, 0, 0, 13, 1039.24
1555671820, 2, 182, 356, 223, 0, 0.79%, 0, 0, 13, 1080.97
1555671840, 2, 184, 356, 222, 0, 0.79%, 0, 0, 13, 1073.19
1555671860, 2, 204, 356, 221, 0, 0.79%, 0, 0, 13, 995.68
1555671870, 2, 207, 356, 220, 0, 0.79%, 0, 0, 13, 1034.75
1555671875, 2, 213, 356, 219, 0, 0.79%, 0, 0, 13, 1092.64
1555671881, 2, 216, 357, 219, 0, 0.79%, 0, 0, 13, 1096.74
1555671886, 2, 226, 357, 218, 0, 0.79%, 0, 0, 13, 1080.00
1555671906, 2, 226, 358, 219, 0, 0.79%, 0, 0, 13, 1046.03
1555671911, 2, 226, 359, 220, 0, 0.79%, 0, 0, 13, 1038.06
1555671916, 2, 228, 359, 219, 0, 0.79%, 0, 0, 13, 991.10
1555671932, 2, 228, 360, 220, 0, 0.79%, 0, 0, 13, 290.54
1555671937, 2, 229, 360, 219, 0, 0.79%, 0, 0, 13, 810.05
1555671947, 2, 229, 361, 220, 0, 0.79%, 0, 0, 13, 1030.70
1555671952, 2, 232, 361, 219, 0, 0.79%, 0, 0, 13, 1033.89
1555671983, 2, 240, 361, 218, 0, 0.79%, 0, 0, 13, 1094.15
1555671988, 2, 241, 361, 217, 0, 0.79%, 0, 0, 13, 1108.12
1555671998, 2, 241, 362, 218, 0, 0.79%, 0, 0, 13, 1119.43
1555672003, 2, 251, 362, 217, 0, 0.79%, 0, 0, 13, 1022.19
1555672054, 2, 259, 363, 216, 0, 0.79%, 0, 0, 13, 1050.99
1555672059, 2, 262, 363, 215, 0, 0.79%, 0, 0, 13, 1072.98
1555672064, 2, 267, 363, 214, 0, 0.79%, 0, 0, 13, 1029.97
1555672110, 2, 271, 363, 213, 0, 0.79%, 0, 0, 13, 1063.72
1555672161, 2, 271, 364, 214, 0, 0.79%, 0, 0, 13, 1060.54
1555672166, 2, 276, 364, 213, 0, 0.79%, 0, 0, 13, 1022.76
1555672232, 2, 276, 366, 215, 0, 0.79%, 0, 0, 13, 1002.42
1555672238, 2, 276, 370, 219, 0, 0.79%, 0, 0, 13, 959.73
1555672258, 2, 282, 370, 218, 0, 0.79%, 0, 0, 13, 1053.77
1555672268, 2, 288, 370, 217, 0, 0.79%, 0, 0, 13, 1171.57
1555672278, 2, 289, 370, 216, 0, 0.79%, 0, 0, 13, 1012.21
1555672298, 2, 289, 371, 217, 0, 0.79%, 0, 0, 13, 1070.00
1555672303, 2, 295, 371, 216, 0, 0.79%, 0, 0, 13, 1059.97
1555672324, 2, 295, 372, 217, 0, 0.79%, 0, 0, 13, 1094.98
1555672329, 2, 295, 373, 218, 0, 0.79%, 0, 0, 13, 1089.11
1555672334, 2, 295, 374, 219, 0, 0.79%, 0, 0, 13, 1066.27
1555672339, 2, 295, 375, 220, 0, 0.79%, 0, 0, 13, 1057.94
1555672344, 2, 296, 375, 219, 0, 0.79%, 0, 0, 13, 1096.97
1555672360, 2, 299, 375, 218, 0, 0.79%, 0, 0, 13, 1128.05
1555672375, 2, 300, 376, 218, 0, 0.79%, 0, 0, 13, 1122.22
1555672400, 2, 301, 376, 217, 0, 0.79%, 0, 0, 13, 1118.53
1555672415, 2, 305, 377, 217, 0, 0.79%, 0, 0, 13, 1102.33
1555672446, 2, 305, 378, 218, 0, 0.79%, 0, 0, 13, 1008.68
1555672456, 2, 310, 378, 217, 0, 0.79%, 0, 0, 13, 1054.96
1555672507, 2, 311, 379, 217, 0, 0.79%, 0, 0, 13, 1088.33
1555672532, 2, 312, 379, 216, 0, 0.79%, 0, 0, 13, 1021.85
1555672553, 2, 314, 379, 215, 0, 0.79%, 0, 0, 13, 1252.88
1555672584, 2, 321, 379, 214, 0, 0.79%, 0, 0, 13, 1203.67
1555672599, 2, 322, 379, 213, 0, 0.79%, 0, 0, 13, 1178.77
1555672614, 2, 323, 379, 212, 0, 0.79%, 0, 0, 13, 1204.39
1555672645, 2, 323, 380, 213, 0, 0.79%, 0, 0, 13, 1121.33
1555672660, 2, 330, 380, 212, 0, 0.79%, 0, 0, 13, 1106.16
1555672676, 2, 335, 380, 211, 0, 0.79%, 0, 0, 13, 1097.04
1555672691, 2, 335, 381, 212, 0, 0.79%, 0, 0, 13, 1079.38
1555672706, 2, 341, 381, 211, 0, 0.79%, 0, 0, 13, 1010.24
1555672752, 2, 341, 383, 213, 0, 0.79%, 0, 0, 13, 951.24
1555672757, 2, 341, 384, 214, 0, 0.79%, 0, 0, 13, 1034.46
1555672773, 2, 344, 384, 213, 0, 0.79%, 0, 0, 13, 370.27
1555672890, 2, 344, 385, 214, 0, 0.79%, 0, 0, 13, 758.10
1555672895, 2, 344, 388, 217, 0, 0.79%, 0, 0, 13, 928.00
1555672915, 2, 344, 389, 218, 0, 0.79%, 0, 0, 13, 960.36
1555672920, 2, 356, 389, 217, 0, 0.79%, 0, 0, 13, 1100.83
1555672966, 2, 357, 389, 216, 0, 0.79%, 0, 0, 13, 1170.72
1555673058, 2, 357, 390, 217, 0, 0.79%, 0, 0, 13, 170.40
1555673064, 2, 371, 391, 217, 0, 0.79%, 0, 0, 13, 1056.72
1555673079, 2, 372, 391, 216, 0, 0.79%, 0, 0, 13, 1150.51
1555673114, 2, 377, 391, 215, 0, 0.79%, 0, 0, 13, 923.09
1555673186, 3, 0, 391, 214, 0, 0.79%, 0, 0, 13, 1079.88
1555673191, 3, 3, 391, 213, 0, 0.79%, 0, 0, 13, 1165.73
1555673196, 3, 17, 391, 211, 0, 0.79%, 0, 0, 13, 1199.83
1555673201, 3, 31, 391, 211, 0, 0.79%, 0, 0, 13, 1188.29
1555673206, 3, 36, 391, 210, 0, 0.79%, 0, 0, 13, 1188.56
1555673211, 3, 42, 391, 209, 0, 0.79%, 0, 0, 13, 1184.04
1555673217, 3, 58, 391, 208, 0, 0.79%, 0, 0, 13, 1148.42
1555673227, 3, 60, 391, 207, 0, 0.79%, 0, 0, 13, 1090.55
1555673237, 3, 65, 391, 206, 0, 0.79%, 0, 0, 13, 1148.91
1555673242, 3, 70, 391, 204, 0, 0.79%, 0, 0, 13, 1134.46
1555673263, 3, 74, 391, 203, 0, 0.79%, 0, 0, 13, 1142.69
1555673268, 3, 75, 391, 202, 0, 0.79%, 0, 0, 13, 1192.55
1555673278, 3, 88, 391, 201, 0, 0.79%, 0, 0, 13, 1086.45
1555673283, 3, 92, 391, 200, 0, 0.79%, 0, 0, 13, 1144.01
1555673293, 3, 95, 391, 199, 0, 0.79%, 0, 0, 13, 1090.90
1555673304, 3, 96, 391, 198, 0, 0.79%, 0, 0, 13, 1194.91
1555673309, 3, 114, 391, 197, 0, 0.79%, 0, 0, 13, 1183.59
1555673324, 3, 142, 391, 196, 0, 0.79%, 0, 0, 13, 1125.32
1555673334, 3, 149, 391, 195, 0, 0.79%, 0, 0, 13, 1105.62
1555673339, 3, 151, 391, 194, 0, 0.79%, 0, 0, 13, 1120.96
1555673344, 3, 158, 391, 193, 0, 0.79%, 0, 0, 13, 1115.91
1555673349, 3, 171, 391, 192, 0, 0.79%, 0, 0, 13, 1119.10
1555673370, 3, 172, 391, 191, 0, 0.79%, 0, 0, 13, 1074.16
1555673395, 3, 188, 391, 190, 0, 0.79%, 0, 0, 13, 1044.45
1555673420, 3, 190, 391, 189, 0, 0.79%, 0, 0, 13, 1143.47
1555673425, 3, 198, 391, 188, 0, 0.79%, 0, 0, 13, 1152.52
1555673431, 3, 205, 391, 187, 0, 0.79%, 0, 0, 13, 791.14
1555673436, 3, 206, 391, 186, 0, 0.79%, 0, 0, 13, 1029.82
1555673456, 3, 208, 391, 185, 0, 0.79%, 0, 0, 13, 1081.21
1555673461, 3, 209, 391, 184, 0, 0.79%, 0, 0, 13, 1149.32
1555673466, 3, 219, 391, 184, 0, 0.79%, 0, 0, 13, 1182.50
1555673471, 3, 225, 391, 183, 0, 0.79%, 0, 0, 13, 1146.81
1555673476, 3, 237, 391, 181, 0, 0.79%, 0, 0, 13, 1044.15
1555673543, 3, 243, 391, 180, 0, 0.79%, 0, 0, 13, 1140.94
1555673548, 3, 247, 391, 178, 0, 0.79%, 0, 0, 13, 1173.91
1555673553, 3, 263, 391, 176, 0, 0.79%, 0, 0, 13, 1244.64
1555673558, 3, 266, 391, 175, 0, 0.79%, 0, 0, 13, 1122.97
1555673594, 3, 270, 391, 174, 0, 0.79%, 0, 0, 13, 1060.00
1555673629, 3, 273, 391, 173, 0, 0.79%, 0, 0, 13, 1031.33
1555673680, 3, 280, 391, 172, 0, 0.79%, 0, 0, 13, 1113.17
1555673691, 3, 281, 391, 171, 0, 0.79%, 0, 0, 13, 1201.76
1555673696, 3, 283, 391, 170, 0, 0.79%, 0, 0, 13, 1069.30
1555673716, 3, 286, 391, 169, 0, 0.79%, 0, 0, 13, 994.06
1555673736, 3, 291, 391, 168, 0, 0.79%, 0, 0, 13, 936.75
1555673782, 3, 298, 391, 167, 0, 0.79%, 0, 0, 13, 1106.95
1555673797, 3, 304, 391, 166, 0, 0.79%, 0, 0, 13, 891.42
1555673858, 3, 304, 392, 167, 0, 0.79%, 0, 0, 13, 1037.16
1555673863, 3, 318, 392, 166, 0, 0.79%, 0, 0, 13, 970.10
1555673929, 3, 349, 392, 165, 0, 0.79%, 0, 0, 13, 103.95
1555676687, 3, 351, 392, 164, 0, 0.79%, 0, 0, 13, 1096.94
1555676692, 3, 351, 394, 166, 0, 0.79%, 0, 0, 13, 1137.41
1555676703, 3, 354, 394, 165, 0, 0.79%, 0, 0, 13, 1097.10
1555676769, 3, 354, 395, 166, 0, 0.79%, 0, 0, 13, 1033.82
1555676774, 3, 355, 395, 165, 0, 0.79%, 0, 0, 13, 1076.75
1555676800, 3, 359, 395, 164, 0, 0.79%, 0, 0, 13, 1067.12
1555676835, 3, 362, 395, 163, 0, 0.79%, 0, 0, 13, 1160.15
1555676840, 3, 363, 395, 162, 0, 0.79%, 0, 0, 13, 993.92
1555677249, 3, 363, 396, 163, 0, 0.79%, 0, 0, 13, 932.16
1555677264, 3, 370, 396, 162, 0, 0.79%, 0, 0, 13, 908.24
1555677315, 3, 375, 396, 161, 0, 0.79%, 0, 0, 13, 1122.50
1555677356, 3, 377, 396, 160, 0, 0.79%, 0, 0, 13, 1197.25
1555677361, 3, 381, 396, 160, 0, 0.79%, 0, 0, 13, 829.10
1555677504, 3, 381, 398, 162, 0, 0.79%, 0, 0, 14, 836.97
1555677535, 3, 387, 398, 161, 0, 0.79%, 0, 0, 14, 535.57
1555677626, 3, 387, 399, 162, 0, 0.79%, 0, 0, 14, 408.47
1555678183, 3, 387, 400, 163, 0, 0.79%, 0, 0, 14, 626.59
1555678193, 3, 390, 400, 162, 0, 0.79%, 0, 0, 14, 839.34
1555678208, 3, 399, 400, 161, 0, 0.79%, 0, 0, 14, 132.40
1555679844, 3, 399, 401, 162, 0, 0.79%, 0, 0, 15, 253.38
1555680279, 3, 399, 403, 164, 0, 0.79%, 0, 0, 15, 264.13
1555680284, 3, 399, 404, 165, 0, 0.79%, 0, 0, 15, 474.35
1555680295, 3, 399, 405, 166, 0, 0.79%, 0, 0, 15, 511.14
1555680330, 3, 401, 405, 165, 0, 0.79%, 0, 0, 15, 302.73
1555682079, 3, 401, 406, 166, 0, 0.79%, 0, 0, 16, 254.04
1555682548, 3, 403, 406, 165, 0, 0.79%, 0, 0, 16, 446.76
