# unix_time, cycles_done, cur_path, paths_total, pending_total, pending_favs, map_size, unique_crashes, unique_hangs, max_depth, execs_per_sec
1555928972, 0, 0, 3, 3, 1, 0.09%, 0, 0, 1, 1090.91
1555928977, 0, 0, 23, 23, 1, 0.13%, 0, 0, 2, 1786.16
1555928982, 0, 0, 26, 26, 1, 0.16%, 0, 0, 2, 1930.71
1555928987, 0, 0, 27, 27, 1, 0.16%, 0, 0, 2, 1957.77
1555928992, 0, 7, 30, 26, 8, 0.17%, 0, 0, 3, 1968.15
1555928998, 0, 23, 32, 25, 5, 0.17%, 0, 0, 3, 1973.19
1555929003, 0, 25, 38, 30, 4, 0.43%, 0, 0, 3, 1870.00
1555929008, 0, 35, 45, 34, 3, 0.43%, 0, 0, 4, 1951.21
1555929013, 0, 37, 82, 70, 3, 0.58%, 0, 0, 4, 1925.17
1555929018, 0, 37, 90, 78, 3, 0.59%, 0, 0, 4, 1947.41
1555929023, 0, 37, 93, 81, 3, 0.64%, 0, 0, 4, 1959.38
1555929028, 0, 38, 101, 88, 24, 0.69%, 0, 0, 5, 1890.23
1555929033, 0, 46, 103, 89, 23, 0.69%, 0, 0, 5, 1871.93
1555929038, 0, 47, 108, 93, 23, 0.71%, 0, 0, 5, 1847.85
1555929043, 0, 47, 112, 97, 23, 0.72%, 0, 0, 5, 1829.30
1555929048, 0, 48, 114, 98, 26, 0.74%, 0, 0, 5, 1826.24
1555929053, 0, 48, 117, 101, 26, 0.78%, 0, 0, 5, 1834.90
1555929058, 0, 48, 120, 104, 26, 0.78%, 0, 0, 5, 1833.12
1555929063, 0, 49, 125, 108, 27, 0.78%, 0, 0, 5, 1859.72
1555929068, 0, 49, 129, 112, 27, 0.79%, 0, 0, 5, 1847.07
1555929073, 0, 49, 130, 113, 27, 0.79%, 0, 0, 5, 1906.84
1555929078, 0, 50, 138, 120, 31, 0.80%, 0, 0, 5, 1936.86
1555929083, 0, 50, 142, 124, 31, 0.80%, 0, 0, 5, 1955.11
1555929088, 0, 50, 143, 125, 31, 0.80%, 0, 0, 5, 1953.03
1555929093, 0, 51, 145, 126, 31, 0.80%, 0, 0, 5, 1971.30
1555929098, 0, 55, 147, 126, 30, 0.80%, 0, 0, 5, 1956.82
1555929103, 0, 60, 147, 124, 29, 0.80%, 0, 0, 5, 1964.65
1555929108, 0, 74, 151, 127, 28, 0.80%, 0, 0, 5, 1946.83
1555929113, 0, 74, 153, 129, 28, 0.80%, 0, 0, 5, 1945.68
1555929119, 0, 74, 154, 130, 28, 0.80%, 0, 0, 5, 1961.29
1555929124, 0, 77, 158, 133, 27, 0.82%, 0, 0, 5, 1956.80
1555929129, 0, 87, 159, 133, 29, 0.82%, 0, 0, 5, 1916.10
1555929134, 0, 92, 166, 139, 28, 0.84%, 0, 0, 5, 1853.81
1555929139, 0, 92, 171, 144, 28, 0.85%, 0, 0, 5, 1830.54
1555929144, 0, 92, 173, 146, 28, 0.86%, 0, 0, 5, 1897.02
1555929149, 0, 94, 174, 146, 33, 0.86%, 0, 0, 5, 1941.98
1555929154, 0, 99, 181, 152, 32, 0.90%, 0, 0, 5, 1857.89
1555929159, 0, 107, 182, 151, 33, 0.90%, 0, 0, 6, 1922.77
1555929164, 0, 109, 184, 152, 32, 0.91%, 0, 0, 6, 1934.15
1555929169, 0, 109, 189, 157, 32, 0.91%, 0, 0, 6, 1955.17
1555929179, 0, 110, 189, 156, 31, 0.91%, 0, 0, 6, 1936.51
1555929184, 0, 113, 190, 155, 29, 0.91%, 0, 0, 6, 1958.30
1555929190, 0, 115, 193, 157, 29, 0.91%, 0, 0, 6, 1948.58
1555929195, 0, 116, 199, 162, 28, 0.92%, 0, 0, 6, 1894.98
1555929200, 0, 116, 211, 174, 28, 0.92%, 0, 0, 6, 1913.40
1555929205, 0, 116, 214, 177, 28, 0.95%, 0, 0, 6, 1859.69
1555929210, 0, 118, 219, 181, 31, 0.95%, 0, 0, 6, 1826.08
1555929215, 0, 118, 220, 182, 31, 0.95%, 0, 0, 6, 1741.13
1555929220, 0, 118, 221, 183, 31, 0.95%, 0, 0, 6, 1807.86
1555929230, 0, 124, 222, 182, 30, 0.95%, 0, 0, 6, 1906.32
1555929235, 0, 130, 223, 181, 28, 0.95%, 0, 0, 6, 1916.94
1555929240, 0, 137, 224, 180, 26, 0.95%, 0, 0, 6, 1913.17
1555929245, 0, 138, 226, 181, 25, 0.95%, 0, 0, 6, 1883.53
1555929250, 0, 144, 227, 180, 24, 0.96%, 0, 0, 6, 1904.41
1555929255, 0, 152, 230, 181, 22, 0.96%, 0, 0, 6, 1903.30
1555929260, 0, 154, 232, 182, 21, 0.96%, 0, 0, 6, 1914.50
1555929265, 0, 154, 235, 185, 21, 0.96%, 0, 0, 6, 1881.25
1555929270, 0, 154, 237, 187, 21, 0.96%, 0, 0, 6, 1907.90
1555929275, 0, 156, 239, 188, 21, 0.96%, 0, 0, 6, 1870.67
1555929280, 0, 157, 239, 187, 20, 0.96%, 0, 0, 6, 1838.07
1555929285, 0, 160, 239, 185, 18, 0.96%, 0, 0, 6, 1824.40
1555929291, 0, 172, 240, 184, 16, 0.96%, 0, 0, 6, 1886.86
1555929296, 0, 174, 242, 185, 15, 0.96%, 0, 0, 6, 1922.35
