# unix_time, cycles_done, cur_path, paths_total, pending_total, pending_favs, map_size, unique_crashes, unique_hangs, max_depth, execs_per_sec
1555666460, 0, 0, 6, 6, 1, 0.09%, 0, 0, 1, 1142.86
1555666465, 0, 2, 57, 57, 1, 0.48%, 0, 0, 2, 266.36
1555666470, 0, 2, 70, 70, 1, 0.52%, 0, 0, 2, 1182.94
1555666475, 0, 2, 77, 77, 1, 0.84%, 0, 0, 2, 1353.23
1555666480, 0, 2, 85, 85, 1, 0.84%, 0, 0, 2, 1353.03
1555666485, 0, 6, 88, 87, 21, 0.84%, 0, 0, 2, 1398.18
1555666490, 0, 13, 94, 91, 19, 0.88%, 0, 0, 3, 1412.62
1555666495, 0, 13, 99, 96, 19, 0.94%, 0, 0, 3, 1405.17
1555666500, 0, 13, 104, 101, 19, 0.97%, 0, 0, 3, 1403.22
1555666505, 0, 13, 107, 104, 19, 0.98%, 0, 0, 3, 1386.46
1555666511, 0, 20, 122, 116, 23, 1.05%, 0, 0, 3, 1365.27
1555666516, 0, 20, 136, 130, 23, 1.07%, 0, 0, 3, 1328.90
1555666521, 0, 20, 139, 133, 23, 1.07%, 0, 0, 3, 1336.67
1555666526, 0, 20, 147, 141, 23, 1.07%, 0, 0, 3, 1349.66
1555666531, 0, 20, 148, 142, 23, 1.07%, 0, 0, 3, 1335.22
1555666536, 0, 39, 161, 154, 37, 1.13%, 0, 0, 3, 1309.71
1555666541, 0, 39, 182, 175, 37, 1.22%, 0, 0, 3, 1338.31
1555666546, 0, 39, 189, 182, 37, 1.23%, 0, 0, 3, 1335.96
1555666551, 0, 39, 194, 187, 37, 1.24%, 0, 0, 3, 1333.91
1555666556, 0, 46, 202, 194, 58, 1.26%, 0, 0, 3, 1337.38
1555666561, 0, 60, 203, 193, 56, 1.26%, 0, 0, 3, 1348.31
1555666566, 0, 71, 209, 196, 53, 1.28%, 0, 0, 3, 1357.56
1555666571, 0, 73, 217, 202, 58, 1.33%, 0, 0, 3, 1335.97
1555666577, 0, 73, 227, 212, 58, 1.38%, 0, 0, 3, 1337.85
1555666582, 0, 73, 229, 214, 58, 1.38%, 0, 0, 3, 1346.02
1555666587, 0, 73, 234, 219, 58, 1.51%, 0, 0, 3, 1344.02
1555666592, 0, 80, 238, 222, 62, 1.52%, 0, 0, 3, 1339.92
1555666597, 0, 86, 238, 221, 63, 1.52%, 0, 0, 3, 1385.21
1555666602, 0, 98, 243, 224, 61, 1.55%, 0, 0, 4, 1354.53
1555666607, 0, 98, 251, 232, 61, 1.55%, 0, 0, 4, 1384.39
1555666612, 0, 98, 257, 238, 61, 1.57%, 0, 0, 4, 1386.36
1555666617, 0, 98, 260, 241, 61, 1.57%, 0, 0, 4, 1365.22
1555666622, 0, 98, 268, 249, 61, 1.57%, 0, 0, 4, 1365.21
1555666627, 0, 102, 273, 253, 66, 1.58%, 0, 0, 4, 1380.94
1555666633, 0, 102, 280, 260, 66, 1.58%, 0, 0, 4, 1380.35
1555666638, 0, 102, 282, 262, 66, 1.58%, 0, 0, 4, 1378.65
1555666643, 0, 102, 286, 266, 66, 1.58%, 0, 0, 4, 1395.92
1555666648, 0, 107, 292, 271, 67, 1.58%, 0, 0, 4, 1334.78
1555666653, 0, 107, 295, 274, 67, 1.59%, 0, 0, 4, 1314.20
1555666658, 0, 107, 300, 279, 67, 1.59%, 0, 0, 4, 1313.40
1555666663, 0, 107, 301, 280, 67, 1.59%, 0, 0, 4, 1319.73
1555666668, 0, 107, 302, 281, 67, 1.59%, 0, 0, 4, 1320.95
1555666673, 0, 107, 305, 284, 67, 1.59%, 0, 0, 4, 1312.41
1555666678, 0, 107, 306, 285, 67, 1.59%, 0, 0, 4, 1320.85
1555666684, 0, 108, 308, 286, 67, 1.59%, 0, 0, 4, 1372.34
1555666689, 0, 111, 310, 285, 66, 1.59%, 0, 0, 4, 1374.87
1555666694, 0, 113, 311, 284, 64, 1.59%, 0, 0, 4, 1391.14
1555666699, 0, 114, 314, 286, 64, 1.59%, 0, 0, 4, 1376.69
1555666704, 0, 121, 315, 285, 62, 1.59%, 0, 0, 4, 1391.60
1555666709, 0, 124, 315, 283, 60, 1.59%, 0, 0, 4, 1390.65
1555666714, 0, 146, 317, 282, 58, 1.59%, 0, 0, 4, 1384.05
1555666719, 0, 154, 319, 283, 57, 1.59%, 0, 0, 4, 1392.46
1555666724, 0, 154, 321, 285, 57, 1.59%, 0, 0, 4, 1371.28
1555666729, 0, 162, 325, 287, 57, 1.61%, 0, 0, 4, 1359.04
1555666734, 0, 162, 328, 290, 57, 1.61%, 0, 0, 4, 1363.08
1555666739, 0, 162, 331, 293, 57, 1.64%, 0, 0, 4, 1365.92
1555666745, 0, 162, 336, 298, 57, 1.64%, 0, 0, 4, 1332.18
1555666750, 0, 162, 339, 301, 57, 1.64%, 0, 0, 4, 1319.31
1555666755, 0, 162, 342, 304, 57, 1.64%, 0, 0, 4, 1341.00
1555666760, 0, 163, 346, 307, 60, 1.64%, 0, 0, 4, 1343.81
1555666765, 0, 163, 349, 310, 60, 1.64%, 0, 0, 4, 1368.64
1555666770, 0, 163, 354, 315, 60, 1.64%, 0, 0, 4, 1360.06
1555666775, 0, 163, 356, 317, 60, 1.64%, 0, 0, 4, 1364.95
1555666780, 0, 163, 358, 319, 60, 1.64%, 0, 0, 4, 1376.32
1555666785, 0, 171, 362, 321, 58, 1.66%, 0, 0, 4, 1353.07
1555666790, 0, 171, 367, 326, 58, 1.67%, 0, 0, 4, 1328.45
1555666795, 0, 171, 373, 332, 58, 1.67%, 0, 0, 4, 1343.66
1555666800, 0, 171, 379, 338, 58, 1.67%, 0, 0, 4, 1347.72
1555666806, 0, 171, 385, 344, 58, 1.67%, 0, 0, 4, 1348.42
1555666811, 0, 171, 388, 347, 58, 1.67%, 0, 0, 4, 1347.57
1555666816, 0, 172, 394, 352, 62, 1.68%, 0, 0, 4, 1334.09
1555666821, 0, 172, 397, 355, 62, 1.68%, 0, 0, 4, 1346.68
1555666826, 0, 179, 397, 354, 63, 1.68%, 0, 0, 4, 1313.92
1555666831, 0, 181, 401, 357, 63, 1.68%, 0, 0, 4, 1321.60
1555666836, 0, 181, 402, 358, 63, 1.68%, 0, 0, 4, 1339.44
1555666841, 0, 181, 404, 360, 63, 1.68%, 0, 0, 4, 1338.12
1555666851, 0, 191, 404, 359, 62, 1.68%, 0, 0, 4, 1338.08
1555666856, 0, 193, 405, 358, 60, 1.68%, 0, 0, 4, 1373.32
1555666862, 0, 193, 409, 362, 60, 1.68%, 0, 0, 4, 1347.58
1555666872, 0, 193, 410, 363, 60, 1.68%, 0, 0, 4, 1344.69
1555666877, 0, 201, 412, 364, 59, 1.68%, 0, 0, 4, 1357.64
1555666882, 0, 204, 414, 364, 57, 1.68%, 0, 0, 4, 1383.49
1555666887, 0, 207, 417, 364, 57, 1.69%, 0, 0, 4, 1397.98
1555666892, 0, 210, 421, 365, 56, 1.70%, 0, 0, 4, 1385.17
1555666897, 0, 214, 425, 368, 58, 1.71%, 0, 0, 4, 1355.85
1555666902, 0, 215, 426, 368, 57, 1.71%, 0, 0, 4, 1330.23
1555666907, 0, 222, 430, 371, 56, 1.71%, 0, 0, 4, 1302.86
1555666912, 0, 227, 431, 370, 54, 1.71%, 0, 0, 4, 1370.31
1555666917, 0, 229, 435, 373, 54, 1.72%, 0, 0, 4, 1494.94
1555666922, 0, 229, 439, 377, 54, 1.72%, 0, 0, 4, 1374.49
1555666932, 0, 229, 440, 378, 54, 1.72%, 0, 0, 4, 1366.84
1555666938, 0, 230, 441, 378, 57, 1.73%, 0, 0, 4, 1329.61
1555666943, 0, 235, 449, 384, 60, 1.74%, 0, 0, 4, 1375.30
1555666948, 0, 235, 451, 386, 60, 1.74%, 0, 0, 4, 1339.45
1555666953, 0, 237, 453, 386, 60, 1.75%, 0, 0, 4, 1349.27
1555666958, 0, 239, 455, 387, 59, 1.75%, 0, 0, 5, 1334.66
1555666963, 0, 239, 459, 391, 59, 1.75%, 0, 0, 5, 1335.38
1555666973, 0, 239, 461, 393, 59, 1.75%, 0, 0, 5, 1348.38
1555666978, 0, 244, 466, 397, 59, 1.75%, 0, 0, 5, 1335.56
1555666983, 0, 244, 469, 400, 59, 1.75%, 0, 0, 5, 1370.92
1555666994, 0, 251, 470, 400, 60, 1.75%, 0, 0, 5, 1301.30
1555666999, 0, 251, 473, 403, 60, 1.75%, 0, 0, 5, 1357.12
1555667014, 0, 251, 475, 405, 60, 1.75%, 0, 0, 5, 1340.38
1555667019, 0, 254, 478, 407, 60, 1.75%, 0, 0, 5, 1358.91
1555667024, 0, 254, 479, 408, 60, 1.75%, 0, 0, 5, 1371.93
1555667030, 0, 257, 482, 410, 60, 1.75%, 0, 0, 5, 1363.05
1555667035, 0, 257, 487, 415, 60, 1.76%, 0, 0, 5, 1339.70
1555667040, 0, 257, 507, 435, 60, 1.77%, 0, 0, 5, 1344.33
1555667045, 0, 257, 517, 445, 60, 1.77%, 0, 0, 5, 1302.54
1555667050, 0, 257, 524, 452, 60, 1.77%, 0, 0, 5, 1318.70
1555667055, 0, 257, 527, 455, 60, 1.78%, 0, 0, 5, 1316.92
1555667060, 0, 257, 535, 463, 60, 1.78%, 0, 0, 5, 1326.95
1555667065, 0, 259, 536, 463, 59, 1.78%, 0, 0, 5, 1323.29
1555667070, 0, 264, 538, 464, 58, 1.78%, 0, 0, 5, 1357.84
1555667081, 0, 267, 538, 463, 57, 1.78%, 0, 0, 5, 1357.64
1555667086, 0, 268, 538, 462, 56, 1.78%, 0, 0, 5, 1349.30
1555667091, 0, 268, 539, 463, 56, 1.78%, 0, 0, 5, 1358.32
1555667096, 0, 271, 539, 462, 55, 1.78%, 0, 0, 5, 1364.87
1555667101, 0, 285, 539, 459, 52, 1.78%, 0, 0, 5, 1401.95
1555667106, 0, 285, 540, 460, 52, 1.78%, 0, 0, 5, 1339.96
1555667111, 0, 291, 540, 458, 50, 1.78%, 0, 0, 5, 259.80
1555667122, 0, 308, 541, 458, 49, 1.78%, 0, 0, 5, 1298.49
1555667127, 0, 311, 541, 456, 47, 1.78%, 0, 0, 5, 1386.55
1555667132, 0, 311, 545, 460, 47, 1.78%, 0, 0, 5, 1375.48
1555667142, 0, 321, 545, 459, 46, 1.78%, 0, 0, 5, 1385.60
1555667147, 0, 324, 545, 457, 44, 1.78%, 0, 0, 5, 1375.98
1555667152, 0, 324, 546, 458, 44, 1.78%, 0, 0, 5, 1363.88
1555667157, 0, 329, 549, 460, 43, 1.79%, 0, 0, 5, 1388.18
1555667162, 0, 338, 549, 459, 44, 1.79%, 0, 0, 5, 1370.02
1555667167, 0, 338, 550, 460, 44, 1.79%, 0, 0, 5, 1372.56
1555667173, 0, 339, 552, 461, 44, 1.79%, 0, 0, 5, 1325.69
1555667178, 0, 339, 555, 464, 44, 1.79%, 0, 0, 5, 1317.39
1555667183, 0, 339, 558, 467, 44, 1.79%, 0, 0, 5, 1356.22
1555667188, 0, 339, 560, 469, 44, 1.79%, 0, 0, 5, 1370.00
1555667193, 0, 341, 561, 469, 45, 1.79%, 0, 0, 5, 1329.96
1555667198, 0, 341, 562, 470, 45, 1.79%, 0, 0, 5, 1358.63
1555667203, 0, 358, 563, 470, 44, 1.79%, 0, 0, 5, 1347.27
1555667208, 0, 358, 564, 471, 44, 1.79%, 0, 0, 5, 1313.00
1555667214, 0, 365, 566, 472, 43, 1.79%, 0, 0, 5, 1293.66
1555667219, 0, 365, 569, 475, 43, 1.79%, 0, 0, 5, 1318.76
1555667229, 0, 365, 571, 477, 43, 1.79%, 0, 0, 5, 1362.72
1555667234, 0, 367, 572, 477, 43, 1.79%, 0, 0, 5, 1311.09
1555667239, 0, 367, 576, 481, 43, 1.79%, 0, 0, 5, 1303.03
1555667244, 0, 367, 578, 483, 43, 1.79%, 0, 0, 5, 1357.80
1555667249, 0, 367, 581, 486, 43, 1.79%, 0, 0, 5, 1336.89
1555667254, 0, 367, 582, 487, 43, 1.79%, 0, 0, 5, 1364.31
1555667260, 0, 375, 584, 488, 43, 1.79%, 0, 0, 5, 1360.16
1555667265, 0, 392, 584, 487, 42, 1.79%, 0, 0, 5, 1350.27
1555667270, 0, 397, 584, 485, 40, 1.79%, 0, 0, 5, 1337.73
1555667275, 0, 414, 588, 488, 39, 1.83%, 0, 0, 5, 1374.58
1555667280, 0, 418, 590, 488, 40, 1.83%, 0, 0, 5, 1378.57
1555667285, 0, 421, 592, 488, 38, 1.83%, 0, 0, 5, 1400.88
1555667290, 0, 427, 593, 487, 36, 1.83%, 0, 0, 5, 1398.53
1555667295, 0, 427, 595, 489, 36, 1.83%, 0, 0, 5, 1348.46
1555667300, 0, 430, 595, 488, 35, 1.83%, 0, 0, 5, 1377.18
1555667306, 0, 432, 596, 487, 33, 1.83%, 0, 0, 5, 1539.39
1555667311, 0, 433, 596, 486, 33, 1.83%, 0, 0, 5, 1518.84
1555667316, 0, 433, 597, 487, 33, 1.83%, 0, 0, 5, 1421.46
1555667321, 0, 434, 597, 486, 32, 1.83%, 0, 0, 5, 1279.58
1555667326, 0, 435, 599, 487, 31, 1.83%, 0, 0, 5, 1471.16
1555667331, 0, 435, 603, 491, 31, 1.83%, 0, 0, 5, 1031.61
1555667336, 0, 435, 604, 492, 31, 1.83%, 0, 0, 5, 1191.77
1555667341, 0, 440, 608, 495, 31, 1.85%, 0, 0, 5, 1247.98
1555667347, 0, 441, 610, 496, 34, 1.85%, 0, 0, 5, 1313.26
1555667352, 0, 444, 612, 497, 33, 1.85%, 0, 0, 5, 1379.20
1555667357, 0, 445, 612, 496, 32, 1.85%, 0, 0, 5, 1361.67
1555667362, 0, 451, 613, 495, 30, 1.85%, 0, 0, 5, 1391.23
1555667367, 0, 452, 614, 495, 29, 1.85%, 0, 0, 5, 1375.82
1555667372, 0, 452, 617, 498, 29, 1.85%, 0, 0, 5, 1359.94
1555667377, 0, 460, 617, 497, 28, 1.85%, 0, 0, 5, 1356.26
1555667382, 0, 462, 617, 496, 27, 1.85%, 0, 0, 5, 1377.36
1555667387, 0, 464, 618, 496, 26, 1.85%, 0, 0, 6, 1401.88
1555667392, 0, 470, 619, 496, 25, 1.85%, 0, 0, 6, 1363.21
1555667398, 0, 493, 620, 495, 23, 1.85%, 0, 0, 6, 1373.90
1555667413, 0, 493, 621, 496, 23, 1.85%, 0, 0, 6, 1314.56
1555667418, 0, 508, 621, 495, 23, 1.85%, 0, 0, 6, 1295.35
1555667428, 0, 508, 623, 497, 23, 1.85%, 0, 0, 6, 1316.94
1555667434, 0, 508, 628, 502, 23, 1.85%, 0, 0, 6, 1325.57
1555667439, 0, 508, 630, 504, 23, 1.85%, 0, 0, 6, 1340.81
1555667454, 0, 539, 630, 502, 21, 1.85%, 0, 0, 6, 1376.69
1555667459, 0, 539, 632, 504, 21, 1.85%, 0, 0, 6, 1322.38
1555667464, 0, 539, 633, 505, 21, 1.85%, 0, 0, 6, 1361.88
1555667469, 0, 539, 637, 509, 21, 1.85%, 0, 0, 6, 1363.32
1555667474, 0, 539, 638, 510, 21, 1.85%, 0, 0, 6, 1325.64
1555667479, 0, 546, 639, 510, 21, 1.85%, 0, 0, 6, 1351.86
1555667484, 0, 549, 639, 508, 19, 1.85%, 0, 0, 6, 1371.10
1555667490, 0, 549, 641, 510, 19, 1.85%, 0, 0, 6, 1356.74
1555667495, 0, 559, 643, 511, 18, 1.85%, 0, 0, 6, 1314.07
1555667500, 0, 560, 643, 510, 19, 1.85%, 0, 0, 6, 1452.79
1555667510, 0, 560, 644, 511, 19, 1.85%, 0, 0, 6, 1076.55
1555667515, 0, 565, 644, 510, 18, 1.85%, 0, 0, 6, 1144.55
1555667525, 0, 568, 645, 510, 18, 1.85%, 0, 0, 6, 1386.51
1555667531, 0, 571, 645, 509, 17, 1.85%, 0, 0, 6, 1357.48
1555667536, 0, 585, 647, 510, 16, 1.85%, 0, 0, 6, 1348.13
1555667541, 0, 589, 649, 510, 15, 1.85%, 0, 0, 6, 1395.22
1555667546, 0, 592, 652, 512, 14, 1.85%, 0, 0, 6, 1398.77
1555667551, 0, 592, 655, 515, 14, 1.85%, 0, 0, 6, 1378.40
1555667556, 0, 592, 657, 517, 14, 1.85%, 0, 0, 6, 1368.32
1555667571, 0, 595, 657, 516, 14, 1.85%, 0, 0, 6, 1507.72
1555667577, 0, 598, 659, 517, 13, 1.85%, 0, 0, 6, 1456.68
1555667582, 0, 598, 663, 521, 13, 1.85%, 0, 0, 6, 1419.62
1555667587, 0, 598, 664, 522, 13, 1.85%, 0, 0, 6, 1313.04
1555667592, 0, 598, 665, 523, 13, 1.85%, 0, 0, 6, 1272.92
1555667597, 0, 604, 669, 526, 16, 1.86%, 0, 0, 6, 1339.37
1555667602, 0, 604, 671, 528, 16, 1.86%, 0, 0, 6, 1391.32
1555667607, 0, 604, 672, 529, 16, 1.86%, 0, 0, 6, 1374.34
1555667617, 0, 607, 672, 528, 18, 1.86%, 0, 0, 6, 1357.09
1555667622, 0, 620, 674, 528, 16, 1.86%, 0, 0, 6, 1366.77
1555667627, 0, 620, 675, 529, 16, 1.86%, 0, 0, 7, 1314.72
1555667643, 0, 620, 684, 538, 16, 1.86%, 0, 0, 7, 1295.09
1555667648, 0, 620, 686, 540, 16, 1.86%, 0, 0, 7, 1289.43
1555667653, 0, 620, 687, 541, 16, 1.86%, 0, 0, 7, 1327.34
1555667658, 0, 620, 689, 543, 16, 1.86%, 0, 0, 7, 1281.74
1555667663, 0, 620, 691, 545, 16, 1.86%, 0, 0, 7, 1319.17
1555667668, 0, 625, 692, 545, 17, 1.86%, 0, 0, 7, 1291.43
1555667678, 0, 625, 693, 546, 17, 1.86%, 0, 0, 7, 1290.68
1555667683, 0, 635, 697, 549, 16, 1.86%, 0, 0, 7, 1311.67
1555667688, 0, 635, 699, 551, 16, 1.86%, 0, 0, 7, 1308.90
1555667693, 0, 635, 701, 553, 16, 1.86%, 0, 0, 7, 1314.45
1555667699, 0, 635, 703, 555, 16, 1.86%, 0, 0, 7, 1344.16
1555667704, 0, 641, 706, 557, 17, 1.86%, 0, 0, 7, 1329.00
1555667709, 0, 641, 708, 559, 17, 1.86%, 0, 0, 7, 1309.18
1555667719, 0, 642, 709, 559, 16, 1.86%, 0, 0, 7, 1296.10
1555667724, 0, 645, 709, 558, 15, 1.86%, 0, 0, 7, 1335.85
1555667729, 0, 658, 709, 556, 13, 1.86%, 0, 0, 7, 1413.39
1555667734, 0, 658, 710, 557, 13, 1.86%, 0, 0, 7, 1334.77
1555667739, 0, 658, 712, 559, 13, 1.87%, 0, 0, 7, 1280.27
1555667750, 0, 659, 713, 559, 13, 1.87%, 0, 0, 7, 1436.90
1555667755, 0, 660, 714, 559, 12, 1.87%, 0, 0, 7, 1349.23
1555667760, 0, 660, 716, 561, 12, 1.87%, 0, 0, 7, 1365.12
1555667765, 0, 661, 716, 560, 11, 1.87%, 0, 0, 7, 1549.52
1555667770, 0, 666, 717, 560, 10, 1.87%, 0, 0, 7, 1384.50
1555667775, 0, 668, 717, 559, 10, 1.87%, 0, 0, 7, 1341.15
1555667780, 0, 668, 720, 562, 10, 1.87%, 0, 0, 7, 1343.20
1555667785, 0, 670, 720, 561, 9, 1.87%, 0, 0, 7, 1364.17
1555667790, 0, 674, 720, 560, 8, 1.87%, 0, 0, 7, 1327.04
1555667811, 0, 688, 721, 560, 7, 1.87%, 0, 0, 8, 1173.61
1555667816, 0, 688, 722, 561, 7, 1.87%, 0, 0, 8, 1121.30
1555667842, 0, 694, 723, 561, 8, 1.87%, 0, 0, 8, 1241.85
1555667847, 0, 694, 724, 562, 8, 1.87%, 0, 0, 8, 1329.59
1555667852, 0, 694, 727, 565, 8, 1.87%, 0, 0, 8, 1352.62
1555667857, 0, 694, 728, 566, 8, 1.87%, 0, 0, 8, 1341.64
1555667867, 0, 702, 731, 568, 7, 1.88%, 0, 0, 8, 1350.39
1555667872, 0, 711, 733, 569, 8, 1.88%, 0, 0, 8, 1261.24
1555667877, 0, 711, 735, 571, 8, 1.88%, 0, 0, 8, 1250.63
1555667882, 0, 711, 736, 572, 8, 1.88%, 0, 0, 8, 1308.84
1555667898, 0, 716, 737, 572, 8, 1.88%, 0, 0, 8, 1353.27
1555667903, 0, 720, 737, 571, 7, 1.88%, 0, 0, 8, 881.23
1555667934, 0, 728, 737, 570, 6, 1.88%, 0, 0, 8, 1317.02
1555667939, 0, 728, 740, 573, 6, 1.88%, 0, 0, 9, 1345.73
1555667944, 0, 728, 741, 574, 6, 1.88%, 0, 0, 9, 1353.32
1555667949, 0, 728, 742, 575, 6, 1.88%, 0, 0, 9, 1354.14
1555667954, 0, 732, 742, 574, 5, 1.88%, 0, 0, 9, 1312.80
1555667964, 0, 732, 743, 575, 5, 1.88%, 0, 0, 9, 1305.28
1555667969, 0, 732, 745, 577, 5, 1.88%, 0, 0, 9, 1294.80
1555667974, 0, 732, 747, 579, 5, 1.88%, 0, 0, 9, 1273.10
1555667979, 1, 260, 748, 578, 3, 1.88%, 0, 0, 9, 1340.11
1555667984, 1, 273, 748, 577, 2, 1.88%, 0, 0, 9, 1366.53
1555667990, 1, 606, 748, 575, 1, 1.88%, 0, 0, 9, 1364.28
1555667995, 1, 619, 748, 574, 1, 1.88%, 0, 0, 9, 1336.95
1555668010, 1, 619, 751, 577, 1, 1.88%, 0, 0, 9, 1345.38
1555668015, 1, 619, 753, 579, 1, 1.88%, 0, 0, 9, 1351.11
1555668020, 1, 619, 760, 586, 1, 1.88%, 0, 0, 9, 1313.12
1555668025, 1, 619, 763, 589, 1, 1.88%, 0, 0, 9, 1342.91
1555668031, 1, 619, 764, 590, 1, 1.88%, 0, 0, 9, 1307.12
1555668036, 1, 628, 766, 591, 0, 1.88%, 0, 0, 9, 1265.83
1555668046, 1, 628, 767, 592, 0, 1.88%, 0, 0, 9, 1293.52
1555668051, 1, 629, 767, 591, 0, 1.88%, 0, 0, 9, 1375.08
1555668056, 1, 629, 770, 594, 0, 1.88%, 0, 0, 9, 1341.96
1555668061, 1, 629, 771, 595, 0, 1.88%, 0, 0, 9, 1329.07
1555668071, 1, 631, 772, 595, 0, 1.88%, 0, 0, 9, 1335.21
1555668087, 1, 631, 779, 602, 0, 1.88%, 0, 0, 9, 1299.08
1555668092, 1, 631, 780, 603, 0, 1.88%, 0, 0, 9, 1294.93
1555668097, 1, 631, 783, 606, 0, 1.88%, 0, 0, 9, 1315.75
1555668102, 1, 633, 783, 605, 0, 1.88%, 0, 0, 9, 1308.17
1555668112, 1, 633, 784, 606, 0, 1.88%, 0, 0, 9, 1260.14
1555668117, 1, 637, 784, 605, 0, 1.88%, 0, 0, 9, 1231.66
1555668128, 1, 640, 784, 604, 0, 1.88%, 0, 0, 9, 1264.71
1555668133, 1, 640, 785, 605, 0, 1.88%, 0, 0, 9, 1342.50
1555668138, 1, 649, 786, 604, 0, 1.88%, 0, 0, 9, 1361.78
1555668143, 1, 649, 788, 606, 0, 1.88%, 0, 0, 9, 1366.84
1555668148, 1, 650, 788, 605, 0, 1.88%, 0, 0, 9, 1384.12
1555668153, 1, 652, 790, 606, 0, 1.88%, 0, 0, 9, 1373.86
1555668158, 1, 654, 791, 606, 0, 1.88%, 0, 0, 9, 1374.70
1555668163, 1, 654, 796, 611, 0, 1.88%, 0, 0, 9, 1377.93
1555668168, 1, 654, 797, 612, 0, 1.88%, 0, 0, 9, 1332.78
1555668184, 1, 656, 799, 613, 0, 1.88%, 0, 0, 9, 1338.39
1555668194, 1, 660, 802, 615, 0, 1.88%, 0, 0, 9, 1254.66
1555668199, 1, 671, 802, 615, 0, 1.88%, 0, 0, 9, 1278.52
1555668204, 1, 671, 805, 618, 0, 1.88%, 0, 0, 9, 1324.95
1555668209, 1, 671, 807, 620, 0, 1.88%, 0, 0, 9, 1307.30
1555668214, 1, 671, 808, 621, 0, 1.88%, 0, 0, 9, 1346.76
1555668219, 1, 671, 809, 622, 0, 1.88%, 0, 0, 9, 1334.14
1555668224, 1, 684, 809, 621, 0, 1.88%, 0, 0, 9, 1325.97
1555668245, 1, 684, 811, 623, 0, 1.88%, 0, 0, 9, 1318.61
1555668250, 1, 689, 811, 622, 0, 1.88%, 0, 0, 9, 1296.21
1555668270, 1, 690, 812, 622, 0, 1.88%, 0, 0, 9, 1359.55
1555668275, 1, 691, 812, 621, 0, 1.88%, 0, 0, 9, 1333.38
1555668286, 1, 694, 812, 620, 0, 1.88%, 0, 0, 9, 1335.46
1555668291, 1, 705, 812, 620, 0, 1.88%, 0, 0, 9, 1323.33
1555668296, 1, 705, 815, 623, 0, 1.88%, 0, 0, 9, 1341.93
1555668301, 1, 705, 816, 624, 0, 1.88%, 0, 0, 9, 1342.28
1555668311, 1, 708, 816, 623, 0, 1.88%, 0, 0, 9, 1266.75
1555668321, 1, 714, 816, 622, 0, 1.88%, 0, 0, 9, 1497.12
1555668327, 1, 719, 817, 622, 0, 1.88%, 0, 0, 9, 1328.87
1555668337, 1, 816, 818, 622, 1, 1.88%, 0, 0, 9, 1290.48
1555668342, 1, 816, 820, 624, 1, 1.88%, 0, 0, 9, 1330.74
1555668347, 1, 816, 822, 626, 1, 1.88%, 0, 0, 9, 1350.59
1555668357, 1, 820, 823, 626, 0, 1.88%, 0, 0, 9, 1320.83
1555668372, 1, 820, 825, 628, 0, 1.88%, 0, 0, 10, 1308.85
1555668378, 1, 820, 828, 631, 0, 1.88%, 0, 0, 10, 1320.92
1555668388, 1, 824, 828, 630, 0, 1.88%, 0, 0, 10, 1278.01
1555668413, 1, 825, 828, 629, 0, 1.88%, 0, 0, 10, 1276.31
1555668439, 1, 825, 829, 630, 0, 1.88%, 0, 0, 11, 1330.96
1555668444, 2, 21, 830, 629, 0, 1.88%, 0, 0, 11, 1318.62
1555668450, 2, 21, 833, 632, 0, 1.88%, 0, 0, 11, 1314.06
1555668455, 2, 22, 833, 631, 0, 1.88%, 0, 0, 11, 1346.14
1555668460, 2, 23, 834, 631, 0, 1.88%, 0, 0, 11, 1334.75
1555668465, 2, 28, 834, 629, 0, 1.88%, 0, 0, 11, 1326.13
1555668470, 2, 41, 834, 627, 0, 1.88%, 0, 0, 11, 1340.42
1555668475, 2, 49, 834, 626, 0, 1.88%, 0, 0, 11, 1352.83
1555668480, 2, 50, 834, 625, 0, 1.88%, 0, 0, 11, 1343.55
1555668485, 2, 56, 834, 624, 0, 1.88%, 0, 0, 11, 1350.14
1555668491, 2, 59, 834, 623, 0, 1.88%, 0, 0, 11, 1335.96
1555668496, 2, 67, 834, 622, 0, 1.88%, 0, 0, 11, 1344.41
1555668506, 2, 75, 834, 621, 0, 1.88%, 0, 0, 11, 1326.71
1555668511, 2, 77, 834, 620, 0, 1.88%, 0, 0, 11, 1342.79
1555668516, 2, 78, 834, 619, 0, 1.88%, 0, 0, 11, 1293.47
1555668527, 2, 85, 834, 617, 0, 1.88%, 0, 0, 11, 1388.68
1555668532, 2, 95, 834, 616, 0, 1.88%, 0, 0, 11, 1368.27
1555668537, 2, 96, 834, 615, 0, 1.88%, 0, 0, 11, 1320.77
1555668547, 2, 106, 834, 613, 0, 1.88%, 0, 0, 11, 506.54
1555668557, 2, 116, 834, 612, 0, 1.88%, 0, 0, 11, 1359.84
1555668562, 2, 117, 835, 612, 0, 1.88%, 0, 0, 11, 1331.77
1555668567, 2, 127, 835, 611, 0, 1.88%, 0, 0, 11, 1310.31
1555668572, 2, 129, 835, 610, 0, 1.88%, 0, 0, 11, 1321.24
1555668577, 2, 131, 835, 609, 0, 1.88%, 0, 0, 11, 1368.33
1555668583, 2, 142, 835, 607, 0, 1.88%, 0, 0, 11, 1363.64
1555668588, 2, 144, 835, 606, 0, 1.88%, 0, 0, 11, 1306.50
1555668593, 2, 145, 835, 605, 0, 1.88%, 0, 0, 11, 1307.00
1555668598, 2, 149, 835, 604, 0, 1.88%, 0, 0, 11, 1314.30
1555668603, 2, 156, 835, 603, 0, 1.88%, 0, 0, 11, 1307.50
1555668608, 2, 164, 835, 601, 0, 1.88%, 0, 0, 11, 1381.45
1555668613, 2, 166, 835, 600, 0, 1.88%, 0, 0, 11, 1332.49
1555668618, 2, 167, 835, 599, 0, 1.88%, 0, 0, 11, 1318.67
1555668623, 2, 168, 835, 598, 0, 1.88%, 0, 0, 11, 1363.88
1555668628, 2, 170, 835, 597, 0, 1.88%, 0, 0, 11, 1305.18
1555668634, 2, 174, 835, 596, 0, 1.88%, 0, 0, 11, 1290.14
1555668639, 2, 177, 835, 595, 0, 1.88%, 0, 0, 11, 1300.18
1555668644, 2, 195, 836, 595, 0, 1.88%, 0, 0, 11, 1297.24
1555668649, 2, 197, 836, 594, 0, 1.88%, 0, 0, 11, 1374.15
1555668654, 2, 199, 836, 593, 0, 1.88%, 0, 0, 11, 1339.83
1555668659, 2, 202, 836, 592, 0, 1.88%, 0, 0, 11, 1317.70
1555668664, 2, 212, 836, 591, 0, 1.88%, 0, 0, 11, 1334.95
1555668674, 2, 413, 837, 591, 1, 1.89%, 0, 0, 11, 1332.56
1555668679, 2, 527, 837, 590, 1, 1.89%, 0, 0, 11, 1274.49
1555668700, 2, 527, 839, 592, 1, 1.89%, 0, 0, 11, 1288.81
1555668705, 2, 562, 839, 591, 1, 1.89%, 0, 0, 11, 1260.90
1555668715, 2, 562, 843, 595, 1, 1.89%, 0, 0, 11, 1295.72
1555668730, 2, 569, 844, 595, 1, 1.89%, 0, 0, 11, 1253.73
1555668741, 2, 569, 845, 596, 1, 1.89%, 0, 0, 11, 1243.70
1555668746, 2, 836, 845, 595, 1, 1.89%, 0, 0, 11, 1603.76
1555669221, 2, 836, 848, 598, 1, 1.89%, 0, 0, 11, 1331.39
1555669226, 2, 836, 851, 601, 1, 1.89%, 0, 0, 11, 1321.02
1555669231, 2, 836, 853, 603, 1, 1.89%, 0, 0, 11, 1317.00
1555669236, 2, 836, 855, 605, 1, 1.89%, 0, 0, 11, 1286.20
1555669246, 2, 839, 855, 604, 0, 1.89%, 0, 0, 11, 760.27
