# unix_time, cycles_done, cur_path, paths_total, pending_total, pending_favs, map_size, unique_crashes, unique_hangs, max_depth, execs_per_sec
1556005342, 0, 0, 5, 5, 1, 0.12%, 0, 0, 1, 1250.00
1556005347, 0, 1, 55, 55, 1, 1.22%, 0, 0, 2, 1270.11
1556005352, 0, 1, 80, 80, 1, 1.38%, 0, 0, 2, 1283.74
1556005357, 0, 1, 99, 99, 1, 1.45%, 0, 0, 2, 683.17
1556005362, 0, 1, 106, 106, 1, 1.47%, 0, 0, 2, 1108.13
1556005367, 0, 1, 117, 117, 1, 1.49%, 0, 0, 2, 1198.84
1556005372, 0, 5, 127, 126, 41, 1.51%, 0, 0, 3, 1187.99
1556005377, 0, 5, 135, 134, 41, 1.52%, 0, 0, 3, 1132.29
1556005382, 0, 5, 138, 137, 41, 1.52%, 0, 0, 3, 1119.14
1556005387, 0, 5, 140, 139, 41, 1.52%, 0, 0, 3, 1171.32
1556005392, 0, 5, 142, 141, 41, 1.52%, 0, 0, 3, 1139.88
1556005397, 0, 5, 143, 142, 41, 1.52%, 0, 0, 3, 1086.99
1556005402, 0, 8, 143, 141, 40, 1.52%, 0, 0, 3, 1184.97
1556005407, 0, 16, 152, 149, 39, 1.53%, 0, 0, 3, 1183.05
1556005412, 0, 16, 170, 167, 39, 1.61%, 0, 0, 3, 970.62
1556005417, 0, 16, 182, 179, 39, 1.66%, 0, 0, 3, 920.93
1556005422, 0, 16, 193, 190, 39, 1.69%, 0, 0, 3, 920.67
1556005428, 0, 16, 199, 196, 39, 1.69%, 0, 0, 3, 922.38
1556005433, 0, 16, 206, 203, 39, 1.69%, 0, 0, 3, 942.79
1556005438, 0, 22, 210, 205, 49, 1.69%, 0, 0, 3, 1088.89
1556005443, 0, 22, 215, 210, 49, 1.69%, 0, 0, 3, 1049.18
1556005448, 0, 22, 220, 215, 49, 1.69%, 0, 0, 3, 1045.52
1556005453, 0, 22, 223, 218, 49, 1.69%, 0, 0, 3, 1049.53
1556005458, 0, 22, 224, 219, 49, 1.69%, 0, 0, 3, 1110.73
1556005463, 0, 28, 226, 220, 51, 1.70%, 0, 0, 3, 1148.31
1556005468, 0, 31, 240, 233, 50, 1.72%, 0, 0, 3, 1203.81
1556005473, 0, 31, 254, 247, 50, 1.72%, 0, 0, 3, 1159.84
1556005478, 0, 31, 265, 258, 50, 1.75%, 0, 0, 3, 1173.88
1556005483, 0, 31, 270, 263, 50, 1.75%, 0, 0, 3, 1143.48
1556005488, 0, 31, 274, 267, 50, 1.75%, 0, 0, 3, 1161.26
1556005494, 0, 33, 276, 268, 58, 1.75%, 0, 0, 3, 1200.18
1556005499, 0, 33, 279, 271, 58, 1.75%, 0, 0, 3, 1179.96
1556005504, 0, 33, 283, 275, 58, 1.75%, 0, 0, 3, 1069.60
1556005509, 0, 33, 285, 277, 58, 1.75%, 0, 0, 3, 1102.56
1556005514, 0, 33, 290, 282, 58, 1.76%, 0, 0, 3, 956.29
1556005519, 0, 33, 293, 285, 58, 1.76%, 0, 0, 3, 1115.74
1556005524, 0, 41, 295, 286, 59, 1.76%, 0, 0, 3, 1129.05
1556005529, 0, 45, 302, 292, 58, 1.77%, 0, 0, 3, 1145.04
1556005534, 0, 45, 306, 296, 58, 1.78%, 0, 0, 3, 1172.54
1556005539, 0, 45, 307, 297, 58, 1.78%, 0, 0, 3, 1092.17
1556005544, 0, 45, 310, 300, 58, 1.78%, 0, 0, 3, 951.16
1556005549, 0, 45, 311, 301, 58, 1.78%, 0, 0, 3, 1019.04
1556005555, 0, 46, 313, 302, 59, 1.78%, 0, 0, 3, 1064.89
1556005560, 0, 61, 313, 300, 57, 1.78%, 0, 0, 3, 1088.95
1556005565, 0, 68, 314, 299, 55, 1.78%, 0, 0, 3, 1119.76
1556005570, 0, 68, 317, 302, 55, 1.79%, 0, 0, 3, 1003.58
1556005575, 0, 69, 321, 305, 55, 1.79%, 0, 0, 3, 1094.54
1556005580, 0, 79, 321, 303, 54, 1.79%, 0, 0, 3, 1126.39
1556005585, 0, 86, 321, 302, 53, 1.79%, 0, 0, 3, 1075.60
1556005590, 0, 89, 323, 302, 52, 1.80%, 0, 0, 3, 1102.35
1556005595, 0, 91, 323, 301, 53, 1.80%, 0, 0, 3, 1102.04
1556005600, 0, 100, 325, 301, 52, 1.80%, 0, 0, 3, 1116.90
1556005605, 0, 103, 327, 302, 52, 1.80%, 0, 0, 3, 1106.83
1556005610, 0, 106, 328, 302, 51, 1.80%, 0, 0, 3, 1172.87
1556005615, 0, 110, 329, 302, 50, 1.80%, 0, 0, 3, 1174.14
1556005620, 0, 110, 330, 303, 50, 1.81%, 0, 0, 3, 1013.52
1556005626, 0, 118, 331, 303, 50, 1.81%, 0, 0, 3, 1114.38
1556005631, 0, 118, 333, 305, 50, 1.81%, 0, 0, 3, 1060.44
1556005636, 0, 118, 336, 308, 50, 1.81%, 0, 0, 3, 1121.43
1556005641, 0, 118, 338, 310, 50, 1.81%, 0, 0, 3, 1136.61
1556005646, 0, 118, 340, 312, 50, 1.83%, 0, 0, 3, 1041.68
1556005651, 0, 118, 341, 313, 50, 1.83%, 0, 0, 3, 1066.39
1556005656, 0, 126, 342, 313, 50, 1.83%, 0, 0, 3, 1007.17
1556005661, 0, 136, 343, 313, 49, 1.83%, 0, 0, 4, 1163.93
1556005666, 0, 146, 344, 312, 47, 1.83%, 0, 0, 4, 1175.92
1556005671, 0, 161, 345, 312, 46, 1.83%, 0, 0, 4, 1193.12
1556005676, 0, 167, 363, 329, 45, 1.91%, 0, 0, 4, 1154.99
1556005681, 0, 167, 368, 334, 45, 1.94%, 0, 0, 4, 1100.80
1556005686, 0, 167, 378, 344, 45, 1.94%, 0, 0, 4, 1070.70
1556005691, 0, 167, 382, 348, 45, 1.94%, 0, 0, 4, 1109.89
1556005697, 0, 167, 389, 355, 45, 1.94%, 0, 0, 4, 1125.13
1556005702, 0, 167, 392, 358, 45, 1.97%, 0, 0, 4, 623.61
1556005707, 0, 167, 395, 361, 45, 1.97%, 0, 0, 4, 172.87
1556005712, 0, 168, 396, 361, 62, 1.97%, 0, 0, 4, 397.40
1556005722, 0, 168, 398, 363, 62, 1.98%, 0, 0, 4, 1048.10
1556005727, 0, 168, 400, 365, 62, 1.98%, 0, 0, 4, 1025.71
1556005738, 0, 171, 401, 365, 63, 1.98%, 0, 0, 4, 1167.78
1556005743, 0, 171, 402, 366, 63, 1.98%, 0, 0, 4, 1162.09
1556005748, 0, 171, 408, 372, 63, 1.98%, 0, 0, 4, 1025.46
1556005753, 0, 171, 410, 374, 63, 1.98%, 0, 0, 4, 990.68
1556005758, 0, 171, 412, 376, 63, 1.98%, 0, 0, 4, 907.77
1556005763, 0, 171, 415, 379, 63, 1.98%, 0, 0, 4, 921.57
1556005768, 0, 171, 417, 381, 63, 1.98%, 0, 0, 4, 968.68
1556005773, 0, 171, 421, 385, 63, 1.98%, 0, 0, 4, 1023.00
1556005778, 0, 171, 422, 386, 63, 1.98%, 0, 0, 4, 1026.26
1556005783, 0, 177, 423, 386, 62, 1.98%, 0, 0, 4, 907.08
1556005788, 0, 178, 424, 386, 61, 1.98%, 0, 0, 4, 1053.23
1556005793, 0, 191, 425, 385, 59, 1.98%, 0, 0, 4, 1051.61
1556005798, 0, 196, 425, 384, 59, 1.98%, 0, 0, 4, 1151.52
1556005803, 0, 203, 425, 383, 58, 1.98%, 0, 0, 4, 1233.95
1556005814, 0, 209, 427, 384, 58, 1.99%, 0, 0, 4, 1015.58
1556005819, 0, 209, 428, 385, 58, 1.99%, 0, 0, 4, 1032.84
1556005824, 0, 209, 431, 388, 58, 1.99%, 0, 0, 4, 990.32
1556005834, 0, 209, 438, 395, 58, 1.99%, 0, 0, 4, 975.24
1556005839, 0, 209, 443, 400, 58, 1.99%, 0, 0, 4, 860.29
1556005844, 0, 209, 445, 402, 58, 1.99%, 0, 0, 4, 825.57
1556005849, 0, 209, 446, 403, 58, 1.99%, 0, 0, 4, 838.81
1556005859, 0, 209, 448, 405, 58, 1.99%, 0, 0, 4, 933.60
1556005864, 0, 209, 449, 406, 58, 1.99%, 0, 0, 4, 913.10
1556005870, 0, 227, 449, 405, 59, 1.99%, 0, 0, 4, 544.21
1556005875, 0, 230, 450, 405, 58, 1.99%, 0, 0, 4, 988.91
1556005880, 0, 231, 451, 405, 57, 2.00%, 0, 0, 4, 1178.02
1556005885, 0, 231, 456, 410, 57, 2.00%, 0, 0, 4, 1053.93
1556005895, 0, 231, 458, 412, 57, 2.00%, 0, 0, 4, 1128.86
1556005900, 0, 231, 459, 413, 57, 2.00%, 0, 0, 4, 1008.61
1556005911, 0, 231, 460, 414, 57, 2.00%, 0, 0, 4, 298.70
1556005916, 0, 237, 461, 414, 57, 2.00%, 0, 0, 4, 564.44
1556005921, 0, 237, 462, 415, 57, 2.00%, 0, 0, 4, 652.16
1556005926, 0, 238, 462, 414, 56, 2.00%, 0, 0, 4, 698.02
1556005931, 0, 249, 462, 413, 55, 2.00%, 0, 0, 4, 788.44
1556005936, 0, 249, 464, 415, 55, 2.00%, 0, 0, 4, 956.82
1556005941, 0, 258, 464, 414, 55, 2.00%, 0, 0, 4, 1028.15
1556005946, 0, 262, 466, 415, 54, 2.00%, 0, 0, 4, 1050.39
1556005951, 0, 266, 473, 421, 53, 2.04%, 0, 0, 4, 996.43
1556005956, 0, 266, 476, 424, 53, 2.04%, 0, 0, 4, 948.99
1556005962, 0, 266, 480, 428, 53, 2.04%, 0, 0, 4, 905.64
1556005967, 0, 266, 486, 434, 53, 2.05%, 0, 0, 4, 871.31
1556005972, 0, 266, 490, 438, 53, 2.05%, 0, 0, 4, 1086.68
1556005977, 0, 266, 494, 442, 53, 2.05%, 0, 0, 4, 889.11
1556005982, 0, 275, 497, 444, 62, 2.07%, 0, 0, 4, 1032.97
1556005997, 0, 276, 497, 443, 61, 2.07%, 0, 0, 4, 1216.26
1556006002, 0, 279, 497, 442, 60, 2.07%, 0, 0, 4, 1047.60
1556006007, 0, 287, 497, 441, 59, 2.07%, 0, 0, 4, 1141.34
1556006012, 0, 292, 498, 441, 58, 2.07%, 0, 0, 4, 999.98
1556006017, 0, 302, 500, 441, 56, 2.07%, 0, 0, 4, 1091.39
1556006023, 0, 305, 500, 440, 55, 2.07%, 0, 0, 4, 1030.52
1556006028, 0, 311, 502, 441, 54, 2.07%, 0, 0, 4, 1020.04
1556006033, 0, 311, 503, 442, 54, 2.07%, 0, 0, 4, 1002.13
1556006038, 0, 317, 504, 441, 53, 2.07%, 0, 0, 4, 1137.03
1556006043, 0, 320, 504, 440, 52, 2.07%, 0, 0, 4, 1070.04
1556006048, 0, 323, 505, 438, 49, 2.08%, 0, 0, 4, 1184.38
1556006054, 0, 324, 506, 438, 49, 2.08%, 0, 0, 4, 1185.07
1556006059, 0, 328, 506, 437, 48, 2.08%, 0, 0, 4, 1122.72
1556006064, 0, 347, 509, 439, 47, 2.08%, 0, 0, 5, 1042.91
1556006069, 0, 347, 510, 440, 47, 2.10%, 0, 0, 5, 36.53
1556006074, 0, 347, 513, 443, 47, 2.10%, 0, 0, 5, 486.48
1556006079, 0, 347, 516, 446, 47, 2.11%, 0, 0, 5, 807.19
1556006084, 0, 347, 517, 447, 47, 2.11%, 0, 0, 5, 965.99
1556006089, 0, 347, 518, 448, 47, 2.11%, 0, 0, 5, 990.37
1556006094, 0, 347, 519, 449, 47, 2.12%, 0, 0, 5, 1116.41
1556006099, 0, 354, 520, 449, 52, 2.13%, 0, 0, 5, 1125.37
1556006104, 0, 354, 521, 450, 52, 2.15%, 0, 0, 5, 977.75
1556006110, 0, 355, 522, 450, 52, 2.15%, 0, 0, 5, 996.95
1556006115, 0, 355, 526, 454, 52, 2.16%, 0, 0, 5, 1125.85
1556006120, 0, 355, 528, 456, 52, 2.16%, 0, 0, 5, 1123.29
1556006125, 0, 355, 529, 457, 52, 2.16%, 0, 0, 5, 902.55
1556006140, 0, 356, 529, 456, 55, 2.16%, 0, 0, 5, 948.42
1556006151, 0, 356, 531, 458, 55, 2.16%, 0, 0, 5, 1062.32
1556006161, 0, 357, 533, 459, 53, 2.16%, 0, 0, 5, 1038.75
1556006172, 0, 358, 535, 460, 53, 2.16%, 0, 0, 5, 1095.54
1556006177, 0, 359, 535, 459, 52, 2.16%, 0, 0, 5, 1081.87
1556006182, 0, 359, 536, 460, 52, 2.16%, 0, 0, 5, 1145.89
1556006187, 0, 359, 538, 462, 52, 2.16%, 0, 0, 5, 1083.03
1556006197, 0, 359, 539, 463, 52, 2.16%, 0, 0, 5, 940.56
1556006202, 0, 359, 541, 465, 52, 2.16%, 0, 0, 5, 1040.21
1556006207, 0, 361, 541, 464, 51, 2.16%, 0, 0, 5, 1080.88
1556006217, 0, 362, 541, 463, 50, 2.16%, 0, 0, 5, 1108.85
1556006222, 0, 362, 542, 464, 50, 2.16%, 0, 0, 5, 983.22
1556006228, 0, 362, 544, 466, 50, 2.16%, 0, 0, 5, 1015.92
1556006243, 0, 362, 546, 468, 50, 2.16%, 0, 0, 5, 1139.74
1556006248, 0, 366, 546, 467, 49, 2.16%, 0, 0, 5, 1152.42
1556006253, 0, 369, 547, 467, 48, 2.17%, 0, 0, 5, 990.54
1556006258, 0, 370, 547, 466, 47, 2.17%, 0, 0, 5, 1059.56
1556006263, 0, 370, 548, 467, 47, 2.17%, 0, 0, 5, 1109.39
1556006268, 0, 370, 555, 474, 47, 2.17%, 0, 0, 5, 1123.41
1556006274, 0, 370, 559, 478, 47, 2.17%, 0, 0, 5, 1146.79
1556006279, 0, 370, 561, 480, 47, 2.17%, 0, 0, 5, 1041.14
1556006284, 0, 370, 562, 481, 47, 2.17%, 0, 0, 5, 993.37
1556006289, 0, 375, 562, 480, 49, 2.17%, 0, 0, 5, 1098.35
1556006294, 0, 386, 562, 479, 48, 2.17%, 0, 0, 5, 1139.99
1556006299, 0, 396, 562, 478, 47, 2.17%, 0, 0, 5, 1142.82
1556006324, 0, 397, 562, 477, 46, 2.17%, 0, 0, 5, 1179.58
1556006329, 0, 407, 562, 476, 45, 2.17%, 0, 0, 5, 1132.82
1556006355, 0, 407, 566, 480, 45, 2.17%, 0, 0, 5, 1132.67
1556006360, 0, 407, 567, 481, 45, 2.17%, 0, 0, 5, 1095.12
1556006385, 0, 423, 567, 480, 45, 2.17%, 0, 0, 5, 1068.97
1556006390, 0, 424, 568, 480, 45, 2.18%, 0, 0, 5, 1085.09
1556006395, 0, 426, 568, 479, 45, 2.18%, 0, 0, 5, 1153.25
1556006421, 0, 450, 569, 479, 45, 2.18%, 0, 0, 5, 1041.52
