# unix_time, cycles_done, cur_path, paths_total, pending_total, pending_favs, map_size, unique_crashes, unique_hangs, max_depth, execs_per_sec
1555624417, 0, 0, 6, 6, 1, 0.08%, 0, 0, 1, 1548.39
1555624423, 0, 0, 29, 29, 1, 0.25%, 0, 0, 2, 1761.31
1555624428, 0, 0, 31, 31, 1, 0.25%, 0, 0, 2, 1761.24
1555624438, 0, 8, 35, 33, 12, 0.27%, 0, 0, 3, 1731.46
1555624443, 0, 11, 40, 37, 11, 0.29%, 0, 0, 3, 1718.29
1555624448, 0, 11, 44, 41, 11, 0.29%, 0, 0, 3, 1715.43
1555624453, 0, 11, 45, 42, 11, 0.30%, 0, 0, 3, 1691.31
1555624458, 0, 11, 48, 45, 11, 0.31%, 0, 0, 3, 1687.29
1555624463, 0, 27, 48, 40, 11, 0.31%, 0, 0, 3, 1673.70
1555624468, 0, 28, 49, 40, 11, 0.31%, 0, 0, 3, 1725.34
1555624473, 0, 31, 53, 43, 10, 0.31%, 0, 0, 3, 1755.15
1555624478, 0, 31, 54, 44, 10, 0.31%, 0, 0, 3, 1685.93
1555624494, 0, 36, 61, 49, 11, 0.36%, 0, 0, 4, 1809.01
1555624499, 0, 44, 62, 46, 10, 0.36%, 0, 0, 4, 1816.98
1555624504, 0, 51, 62, 43, 7, 0.36%, 0, 0, 4, 1788.79
1555624509, 0, 55, 73, 53, 6, 0.38%, 0, 0, 4, 1759.03
1555624514, 0, 55, 79, 59, 6, 0.39%, 0, 0, 4, 1721.73
1555624519, 0, 55, 80, 60, 6, 0.39%, 0, 0, 4, 1718.75
1555624529, 0, 62, 82, 59, 10, 0.39%, 0, 0, 5, 1800.00
1555624534, 0, 63, 84, 60, 9, 0.39%, 0, 0, 5, 1819.20
1555624539, 0, 65, 99, 74, 9, 0.43%, 0, 0, 5, 1819.13
1555624544, 0, 65, 100, 75, 9, 0.43%, 0, 0, 5, 1763.10
1555624549, 0, 65, 101, 76, 9, 0.43%, 0, 0, 5, 1652.50
1555624554, 0, 66, 101, 75, 21, 0.43%, 0, 0, 5, 1764.66
1555624559, 0, 68, 101, 73, 19, 0.43%, 0, 0, 5, 1736.64
1555624564, 0, 74, 108, 79, 18, 0.44%, 0, 0, 5, 1774.50
1555624569, 0, 74, 110, 81, 18, 0.44%, 0, 0, 5, 1745.28
1555624575, 0, 74, 113, 84, 18, 0.44%, 0, 0, 5, 1768.06
1555624585, 0, 81, 114, 83, 19, 0.44%, 0, 0, 5, 1761.13
1555624590, 0, 84, 115, 82, 17, 0.44%, 0, 0, 6, 1740.22
1555624595, 0, 84, 118, 85, 17, 0.44%, 0, 0, 6, 1766.10
1555624600, 0, 84, 119, 86, 17, 0.44%, 0, 0, 6, 1814.52
1555624605, 0, 84, 120, 87, 17, 0.44%, 0, 0, 6, 1822.59
1555624610, 0, 85, 123, 89, 17, 0.44%, 0, 0, 6, 1808.15
1555624615, 0, 85, 125, 91, 17, 0.44%, 0, 0, 6, 1762.69
1555624626, 0, 85, 126, 92, 17, 0.44%, 0, 0, 6, 1790.52
1555624631, 0, 87, 127, 91, 17, 0.44%, 0, 0, 6, 1697.67
1555624636, 0, 87, 130, 94, 17, 0.45%, 0, 0, 6, 1698.57
1555624641, 0, 88, 130, 93, 17, 0.45%, 0, 0, 6, 1828.89
1555624646, 0, 89, 132, 94, 16, 0.45%, 0, 0, 6, 1788.41
1555624651, 0, 92, 132, 92, 15, 0.45%, 0, 0, 6, 1807.60
1555624656, 0, 92, 135, 95, 15, 0.45%, 0, 0, 6, 1677.99
1555624661, 0, 92, 136, 96, 15, 0.45%, 0, 0, 6, 1731.90
1555624666, 0, 92, 138, 98, 15, 0.45%, 0, 0, 6, 1801.01
1555624671, 0, 94, 138, 96, 16, 0.45%, 0, 0, 6, 1790.40
1555624677, 0, 94, 141, 99, 16, 0.46%, 0, 0, 6, 1745.07
1555624682, 0, 96, 142, 99, 16, 0.46%, 0, 0, 6, 1734.24
1555624687, 0, 98, 143, 99, 16, 0.46%, 0, 0, 6, 1665.58
1555624692, 0, 100, 145, 100, 15, 0.47%, 0, 0, 6, 1737.54
1555624697, 0, 101, 148, 102, 15, 0.47%, 0, 0, 6, 1676.61
1555624702, 0, 101, 153, 107, 15, 0.47%, 0, 0, 6, 1680.54
1555624707, 0, 101, 154, 108, 15, 0.47%, 0, 0, 6, 1665.16
1555624712, 0, 101, 157, 111, 15, 0.47%, 0, 0, 6, 1701.83
1555624717, 0, 112, 158, 111, 17, 0.47%, 0, 0, 6, 1653.42
1555624722, 0, 112, 161, 114, 17, 0.47%, 0, 0, 6, 1693.70
1555624733, 0, 112, 163, 116, 17, 0.47%, 0, 0, 6, 1730.00
1555624743, 0, 117, 163, 114, 17, 0.47%, 0, 0, 6, 1726.75
1555624748, 0, 128, 163, 111, 14, 0.47%, 0, 0, 6, 1692.05
1555624753, 0, 133, 163, 109, 12, 0.47%, 0, 0, 6, 1707.02
1555624758, 0, 135, 167, 112, 11, 0.47%, 0, 0, 7, 1692.32
1555624763, 0, 135, 169, 114, 11, 0.47%, 0, 0, 7, 1754.44
1555624768, 0, 135, 172, 117, 11, 0.47%, 0, 0, 7, 1745.62
1555624778, 0, 138, 175, 118, 9, 0.48%, 0, 0, 7, 1704.91
1555624783, 0, 138, 179, 122, 9, 0.48%, 0, 0, 7, 1765.76
1555624789, 0, 138, 180, 123, 9, 0.48%, 0, 0, 7, 1713.91
1555624799, 0, 141, 181, 123, 10, 0.48%, 0, 0, 7, 1744.82
1555624804, 0, 145, 181, 121, 8, 0.48%, 0, 0, 7, 1763.55
1555624809, 0, 145, 183, 123, 8, 0.48%, 0, 0, 7, 1684.30
1555624814, 0, 153, 183, 121, 6, 0.48%, 0, 0, 7, 1674.95
1555624819, 0, 157, 184, 121, 5, 0.48%, 0, 0, 7, 1681.59
1555624824, 0, 161, 184, 120, 5, 0.48%, 0, 0, 7, 1638.87
1555624829, 0, 172, 185, 120, 4, 0.48%, 0, 0, 7, 1618.68
1555624834, 0, 172, 187, 122, 4, 0.48%, 0, 0, 8, 1651.99
1555624839, 0, 183, 187, 120, 2, 0.48%, 0, 0, 8, 1720.06
1555624844, 0, 183, 189, 122, 2, 0.48%, 0, 0, 8, 1749.02
1555624849, 0, 187, 190, 122, 2, 0.48%, 0, 0, 9, 1780.95
1555624855, 0, 187, 193, 125, 2, 0.48%, 0, 0, 9, 1806.60
1555624865, 1, 3, 193, 124, 1, 0.48%, 0, 0, 9, 1795.85
1555624870, 1, 39, 193, 121, 0, 0.48%, 0, 0, 9, 1786.48
1555624875, 1, 40, 193, 120, 0, 0.48%, 0, 0, 9, 1794.64
1555624880, 1, 41, 195, 121, 0, 0.48%, 0, 0, 9, 1817.89
1555624885, 1, 48, 195, 119, 0, 0.48%, 0, 0, 9, 1813.08
1555624890, 1, 59, 195, 117, 0, 0.48%, 0, 0, 9, 1784.09
1555624895, 1, 68, 195, 115, 0, 0.48%, 0, 0, 9, 1768.79
1555624900, 1, 80, 197, 116, 0, 0.48%, 0, 0, 9, 1792.49
1555624905, 1, 90, 197, 115, 0, 0.48%, 0, 0, 9, 1805.99
1555624911, 1, 97, 197, 113, 0, 0.48%, 0, 0, 9, 1769.94
1555624916, 1, 115, 197, 112, 0, 0.48%, 0, 0, 9, 1805.35
1555624921, 1, 119, 198, 112, 0, 0.48%, 0, 0, 9, 1762.13
1555624926, 1, 120, 198, 111, 0, 0.48%, 0, 0, 9, 1730.51
1555624931, 1, 123, 198, 111, 0, 0.48%, 0, 0, 9, 1656.62
1555624936, 1, 124, 200, 112, 0, 0.48%, 0, 0, 9, 1707.53
1555624941, 1, 143, 200, 111, 0, 0.48%, 0, 0, 9, 1701.74
1555624951, 1, 153, 200, 110, 0, 0.48%, 0, 0, 9, 1768.62
1555624956, 1, 167, 202, 112, 0, 0.48%, 0, 0, 9, 1770.21
1555624962, 1, 185, 203, 112, 0, 0.48%, 0, 0, 9, 1742.83
1555624972, 1, 186, 203, 111, 0, 0.48%, 0, 0, 9, 1785.10
1555624977, 1, 188, 203, 110, 0, 0.48%, 0, 0, 9, 1816.26
1555624982, 1, 188, 205, 112, 0, 0.48%, 0, 0, 9, 1813.37
1555624987, 1, 191, 205, 111, 0, 0.48%, 0, 0, 9, 1746.43
1555624992, 1, 191, 206, 112, 0, 0.48%, 0, 0, 10, 1724.18
1555624998, 1, 193, 206, 111, 0, 0.48%, 0, 0, 10, 1657.34
1555625003, 1, 194, 206, 110, 0, 0.48%, 0, 0, 10, 346.53
1555625008, 1, 203, 206, 109, 0, 0.48%, 0, 0, 10, 1807.94
1555625018, 1, 203, 209, 112, 0, 0.48%, 0, 0, 10, 1738.06
1555625023, 1, 203, 212, 115, 0, 0.48%, 0, 0, 10, 1732.74
1555625028, 1, 205, 212, 114, 0, 0.48%, 0, 0, 10, 1732.00
1555625038, 1, 205, 213, 115, 0, 0.48%, 0, 0, 11, 1759.33
1555625044, 1, 205, 215, 117, 0, 0.48%, 0, 0, 11, 1751.22
1555625054, 1, 209, 215, 116, 0, 0.48%, 0, 0, 11, 1782.50
1555625074, 2, 4, 215, 114, 0, 0.48%, 0, 0, 11, 1741.85
1555625079, 2, 17, 216, 114, 0, 0.48%, 0, 0, 11, 1807.47
1555625084, 2, 30, 216, 113, 0, 0.48%, 0, 0, 11, 1817.58
1555625089, 2, 50, 216, 111, 0, 0.48%, 0, 0, 11, 1758.32
1555625094, 2, 60, 216, 109, 0, 0.48%, 0, 0, 11, 1830.91
1555625100, 2, 60, 219, 112, 0, 0.48%, 0, 0, 11, 1751.65
1555625105, 2, 60, 220, 113, 0, 0.48%, 0, 0, 11, 1750.42
1555625110, 2, 60, 221, 114, 0, 0.48%, 0, 0, 11, 1744.42
1555625115, 2, 66, 221, 113, 0, 0.48%, 0, 0, 11, 1758.51
1555625120, 2, 71, 221, 112, 0, 0.48%, 0, 0, 11, 1768.13
1555625125, 2, 79, 221, 110, 0, 0.48%, 0, 0, 11, 1787.80
1555625130, 2, 93, 222, 110, 0, 0.48%, 0, 0, 11, 1792.78
1555625135, 2, 104, 222, 110, 0, 0.48%, 0, 0, 11, 1778.72
1555625140, 2, 113, 223, 110, 0, 0.48%, 0, 0, 11, 1802.11
1555625146, 2, 114, 223, 109, 0, 0.48%, 0, 0, 11, 1807.52
1555625151, 2, 118, 223, 108, 0, 0.48%, 0, 0, 11, 1750.80
1555625156, 2, 136, 224, 107, 0, 0.48%, 0, 0, 11, 1721.14
1555625161, 2, 136, 226, 109, 0, 0.48%, 0, 0, 11, 1730.16
1555625166, 2, 136, 228, 111, 0, 0.48%, 0, 0, 11, 1731.28
1555625176, 2, 136, 229, 112, 0, 0.48%, 0, 0, 11, 1759.02
1555625182, 2, 149, 229, 111, 0, 0.48%, 0, 0, 11, 1816.86
1555625187, 2, 149, 231, 113, 0, 0.48%, 0, 0, 11, 1751.89
1555625192, 2, 171, 231, 112, 0, 0.48%, 0, 0, 11, 1779.57
1555625197, 2, 171, 232, 113, 0, 0.48%, 0, 0, 11, 1732.27
1555625202, 2, 177, 233, 113, 0, 0.48%, 0, 0, 11, 1737.29
1555625207, 2, 177, 234, 114, 0, 0.48%, 0, 0, 11, 1744.54
1555625212, 2, 179, 234, 113, 0, 0.48%, 0, 0, 11, 1737.91
1555625217, 2, 179, 237, 116, 0, 0.48%, 0, 0, 11, 1746.42
1555625222, 2, 179, 238, 117, 0, 0.49%, 0, 0, 11, 1725.97
1555625228, 2, 179, 239, 118, 0, 0.49%, 0, 0, 11, 1734.03
1555625238, 2, 180, 239, 117, 1, 0.49%, 0, 0, 11, 1732.98
1555625243, 2, 237, 239, 116, 1, 0.49%, 0, 0, 11, 1651.17
1555625284, 2, 237, 240, 117, 1, 0.49%, 0, 0, 11, 1574.75
1555625366, 2, 237, 241, 118, 1, 0.49%, 0, 0, 11, 1598.07
1555625371, 2, 237, 242, 119, 1, 0.49%, 0, 0, 11, 1590.93
1555625386, 2, 237, 243, 120, 1, 0.50%, 0, 0, 11, 1612.93
1555625391, 2, 239, 243, 119, 4, 0.50%, 0, 0, 11, 1630.99
1555625540, 2, 240, 243, 118, 3, 0.50%, 0, 0, 11, 1619.36
1555625694, 2, 241, 243, 117, 2, 0.50%, 0, 0, 11, 1625.84
1555625843, 2, 242, 243, 116, 1, 0.50%, 0, 0, 11, 1582.31
1555625991, 3, 16, 243, 113, 0, 0.50%, 0, 0, 11, 1754.90
1555625996, 3, 25, 243, 111, 0, 0.50%, 0, 0, 11, 1798.62
1555626001, 3, 32, 243, 109, 0, 0.50%, 0, 0, 11, 1816.81
1555626012, 3, 63, 244, 108, 0, 0.50%, 0, 0, 11, 1809.73
1555626017, 3, 72, 244, 108, 0, 0.50%, 0, 0, 11, 1813.44
1555626022, 3, 84, 244, 106, 0, 0.50%, 0, 0, 11, 1781.84
1555626027, 3, 99, 244, 106, 0, 0.50%, 0, 0, 11, 1807.33
1555626032, 3, 102, 244, 105, 0, 0.50%, 0, 0, 11, 1815.81
1555626037, 3, 103, 244, 104, 0, 0.50%, 0, 0, 11, 1788.41
1555626047, 3, 108, 244, 103, 0, 0.50%, 0, 0, 11, 1802.50
1555626053, 3, 116, 244, 101, 0, 0.50%, 0, 0, 11, 1756.27
1555626058, 3, 155, 244, 101, 0, 0.50%, 0, 0, 11, 1793.07
1555626063, 3, 156, 244, 100, 0, 0.50%, 0, 0, 11, 1791.73
1555626073, 3, 158, 244, 99, 0, 0.50%, 0, 0, 11, 1788.18
1555626083, 3, 162, 244, 98, 0, 0.50%, 0, 0, 11, 1755.63
1555626093, 3, 166, 244, 97, 0, 0.50%, 0, 0, 11, 1765.20
1555626098, 3, 178, 244, 96, 0, 0.50%, 0, 0, 11, 1802.22
1555626103, 3, 195, 244, 95, 0, 0.50%, 0, 0, 11, 1801.39
1555626109, 3, 202, 244, 94, 0, 0.50%, 0, 0, 11, 1805.67
1555626114, 3, 204, 244, 93, 0, 0.50%, 0, 0, 11, 1769.78
1555626129, 3, 204, 246, 95, 0, 0.50%, 0, 0, 11, 1766.87
1555626139, 3, 213, 246, 94, 0, 0.50%, 0, 0, 11, 1792.61
1555626150, 3, 213, 250, 98, 0, 0.50%, 0, 0, 12, 1796.58
1555626165, 3, 215, 250, 97, 0, 0.50%, 0, 0, 12, 1805.30
1555626191, 3, 215, 252, 99, 0, 0.50%, 0, 0, 12, 1726.41
1555626196, 3, 221, 252, 98, 0, 0.50%, 0, 0, 12, 1766.53
1555626232, 3, 221, 256, 102, 0, 0.50%, 0, 0, 12, 1772.20
1555626237, 3, 221, 258, 104, 0, 0.50%, 0, 0, 12, 1750.82
1555626242, 3, 221, 259, 105, 0, 0.50%, 0, 0, 12, 1763.20
1555626252, 3, 223, 259, 104, 0, 0.50%, 0, 0, 12, 1778.64
1555626257, 3, 227, 259, 103, 0, 0.50%, 0, 0, 12, 1776.16
1555626288, 3, 227, 260, 104, 0, 0.50%, 0, 0, 12, 1778.19
1555626293, 3, 228, 260, 103, 0, 0.50%, 0, 0, 12, 1744.54
1555626303, 3, 232, 260, 102, 0, 0.50%, 0, 0, 12, 1765.34
1555626319, 3, 232, 263, 105, 0, 0.50%, 0, 0, 12, 1777.97
1555626329, 3, 233, 263, 104, 0, 0.50%, 0, 0, 12, 1723.85
1555626344, 3, 233, 265, 106, 0, 0.50%, 0, 0, 12, 1785.01
1555626354, 3, 233, 267, 108, 0, 0.50%, 0, 0, 12, 1772.80
1555626360, 3, 242, 267, 107, 0, 0.50%, 0, 0, 12, 1661.49
1555626365, 3, 247, 267, 107, 0, 0.50%, 0, 0, 12, 1724.17
1555626390, 3, 247, 271, 111, 0, 0.50%, 0, 0, 13, 1726.07
1555626401, 3, 250, 271, 110, 0, 0.50%, 0, 0, 13, 1734.85
1555626441, 3, 261, 271, 109, 0, 0.50%, 0, 0, 13, 1621.46
1555626657, 3, 261, 272, 110, 0, 0.50%, 0, 0, 13, 1524.02
1555626662, 3, 261, 274, 112, 0, 0.50%, 0, 0, 13, 1614.93
1555626667, 3, 261, 275, 113, 0, 0.50%, 0, 0, 13, 1627.19
1555626672, 3, 272, 275, 112, 2, 0.50%, 0, 0, 13, 1568.93
1555627046, 3, 273, 275, 111, 1, 0.50%, 0, 0, 13, 1484.03
