# unix_time, cycles_done, cur_path, paths_total, pending_total, pending_favs, map_size, unique_crashes, unique_hangs, max_depth, execs_per_sec
1555930814, 0, 0, 4, 4, 1, 0.38%, 0, 0, 1, 695.65
1555930819, 0, 0, 61, 61, 1, 0.67%, 0, 0, 2, 1117.76
1555930824, 0, 0, 78, 78, 1, 0.72%, 0, 0, 2, 1279.41
1555930830, 0, 0, 84, 84, 1, 0.72%, 0, 0, 2, 1288.86
1555930835, 0, 0, 92, 92, 1, 0.74%, 0, 0, 2, 1406.77
1555930840, 0, 0, 102, 102, 1, 0.76%, 0, 0, 2, 1398.85
1555930845, 0, 7, 106, 104, 25, 0.78%, 0, 0, 3, 1429.21
1555930850, 0, 7, 110, 108, 25, 0.80%, 0, 0, 3, 1448.74
1555930855, 0, 7, 113, 111, 25, 0.80%, 0, 0, 3, 1399.88
1555930860, 0, 18, 117, 113, 26, 0.83%, 0, 0, 3, 1487.55
1555930865, 0, 18, 122, 118, 26, 0.83%, 0, 0, 3, 1305.34
1555930870, 0, 18, 124, 120, 26, 0.83%, 0, 0, 3, 1280.52
1555930876, 0, 18, 127, 123, 26, 0.83%, 0, 0, 3, 1433.84
1555930886, 0, 35, 127, 120, 24, 0.83%, 0, 0, 3, 1563.52
1555930891, 0, 44, 130, 120, 22, 0.84%, 0, 0, 3, 1550.89
1555930896, 0, 44, 135, 125, 22, 0.84%, 0, 0, 3, 1621.09
1555930901, 0, 44, 139, 129, 22, 0.84%, 0, 0, 3, 1482.92
1555930906, 0, 44, 141, 131, 22, 0.84%, 0, 0, 3, 1578.79
1555930911, 0, 44, 142, 132, 22, 0.84%, 0, 0, 3, 1527.25
1555930916, 0, 56, 144, 132, 23, 0.84%, 0, 0, 3, 1576.62
1555930921, 0, 61, 153, 139, 22, 0.86%, 0, 0, 3, 1642.82
1555930926, 0, 61, 160, 146, 22, 0.87%, 0, 0, 3, 1590.95
1555930931, 0, 61, 163, 149, 22, 0.88%, 0, 0, 3, 1598.11
1555930936, 0, 61, 166, 152, 22, 0.88%, 0, 0, 3, 1521.08
1555930941, 0, 68, 170, 154, 32, 0.89%, 0, 0, 3, 1575.22
1555930946, 0, 68, 171, 155, 32, 0.89%, 0, 0, 3, 1523.32
1555930952, 0, 68, 174, 158, 32, 0.90%, 0, 0, 3, 1443.56
1555930957, 0, 68, 176, 160, 32, 0.91%, 0, 0, 3, 1390.17
1555930962, 0, 82, 177, 158, 31, 0.91%, 0, 0, 3, 1600.40
1555930967, 0, 89, 177, 156, 29, 0.91%, 0, 0, 3, 1600.55
1555930972, 0, 99, 178, 155, 27, 0.91%, 0, 0, 3, 1633.38
1555930977, 0, 107, 179, 153, 25, 0.91%, 0, 0, 3, 1528.04
1555930982, 0, 115, 179, 151, 23, 0.91%, 0, 0, 3, 1585.35
1555930987, 0, 128, 180, 150, 21, 0.91%, 0, 0, 4, 1596.00
1555930992, 0, 128, 185, 155, 21, 0.91%, 0, 0, 4, 1582.05
1555930997, 0, 128, 189, 159, 21, 0.91%, 0, 0, 4, 1530.00
1555931002, 0, 128, 190, 160, 21, 0.91%, 0, 0, 4, 1566.24
1555931007, 0, 138, 193, 162, 21, 0.91%, 0, 0, 4, 1626.14
1555931012, 0, 141, 193, 161, 21, 0.91%, 0, 0, 4, 1660.46
1555931022, 0, 147, 193, 159, 19, 0.91%, 0, 0, 4, 1540.49
1555931027, 0, 150, 193, 157, 17, 0.91%, 0, 0, 4, 1577.25
1555931032, 0, 152, 193, 155, 15, 0.91%, 0, 0, 4, 1409.02
1555931037, 0, 153, 193, 154, 14, 0.91%, 0, 0, 4, 212.97
1555931048, 0, 154, 193, 153, 13, 0.91%, 0, 0, 4, 601.21
1555931053, 0, 156, 193, 152, 12, 0.91%, 0, 0, 4, 709.16
1555931058, 0, 157, 193, 151, 11, 0.91%, 0, 0, 4, 699.49
1555931068, 0, 159, 193, 150, 10, 0.91%, 0, 0, 4, 744.48
1555931078, 0, 161, 194, 150, 9, 0.91%, 0, 0, 4, 831.82
1555931083, 0, 161, 195, 151, 9, 0.91%, 0, 0, 4, 703.47
1555931088, 0, 164, 195, 150, 8, 0.91%, 0, 0, 4, 772.08
1555931093, 0, 168, 197, 151, 7, 0.92%, 0, 0, 4, 875.98
1555931099, 0, 168, 198, 152, 7, 0.93%, 0, 0, 4, 954.36
1555931104, 0, 168, 200, 154, 7, 0.94%, 0, 0, 4, 948.66
1555931109, 0, 168, 202, 156, 7, 0.94%, 0, 0, 4, 958.34
1555931114, 0, 168, 205, 159, 7, 0.94%, 0, 0, 4, 932.30
