# unix_time, cycles_done, cur_path, paths_total, pending_total, pending_favs, map_size, unique_crashes, unique_hangs, max_depth, execs_per_sec
1556007973, 0, 0, 5, 5, 1, 0.38%, 0, 0, 1, 191.39
1556007978, 0, 1, 88, 88, 1, 1.51%, 0, 0, 2, 989.85
1556007983, 0, 1, 118, 118, 1, 1.69%, 0, 0, 2, 1055.27
1556007988, 0, 1, 139, 139, 1, 1.75%, 0, 0, 2, 1096.50
1556007993, 0, 1, 148, 148, 1, 1.75%, 0, 0, 2, 1108.68
1556007999, 0, 1, 159, 159, 1, 1.78%, 0, 0, 2, 1150.11
1556008004, 0, 1, 165, 165, 1, 1.79%, 0, 0, 2, 1172.81
1556008009, 0, 5, 168, 167, 60, 1.80%, 0, 0, 3, 1207.42
1556008014, 0, 5, 177, 176, 60, 1.80%, 0, 0, 3, 1197.49
1556008019, 0, 5, 180, 179, 60, 1.82%, 0, 0, 3, 1013.95
1556008024, 0, 5, 181, 180, 60, 1.82%, 0, 0, 3, 237.74
1556008034, 0, 5, 182, 181, 60, 1.82%, 0, 0, 3, 560.58
1556008039, 0, 5, 184, 183, 60, 1.82%, 0, 0, 3, 577.70
1556008044, 0, 7, 185, 183, 59, 1.82%, 0, 0, 3, 446.55
1556008050, 0, 10, 185, 182, 58, 1.82%, 0, 0, 3, 253.34
1556008070, 0, 16, 185, 181, 58, 1.82%, 0, 0, 3, 292.46
1556008075, 0, 16, 188, 184, 58, 1.82%, 0, 0, 3, 536.17
1556008080, 0, 16, 194, 190, 58, 1.82%, 0, 0, 3, 783.13
1556008090, 0, 16, 195, 191, 58, 1.82%, 0, 0, 3, 759.53
1556008096, 0, 16, 198, 194, 58, 1.84%, 0, 0, 3, 532.48
1556008101, 0, 16, 200, 196, 58, 1.85%, 0, 0, 3, 530.59
1556008106, 0, 16, 201, 197, 58, 1.85%, 0, 0, 3, 618.23
1556008111, 0, 16, 202, 198, 58, 1.85%, 0, 0, 3, 830.34
1556008116, 0, 16, 204, 200, 58, 1.85%, 0, 0, 3, 931.54
1556008121, 0, 25, 204, 198, 61, 1.85%, 0, 0, 3, 972.48
1556008126, 0, 38, 205, 198, 60, 1.85%, 0, 0, 3, 1046.94
1556008131, 0, 38, 210, 203, 60, 1.85%, 0, 0, 3, 1035.97
1556008141, 0, 38, 211, 204, 60, 1.85%, 0, 0, 3, 760.65
1556008151, 0, 38, 212, 205, 60, 1.85%, 0, 0, 3, 707.24
1556008162, 0, 38, 213, 206, 60, 1.85%, 0, 0, 3, 1133.66
1556008167, 0, 41, 213, 205, 61, 1.85%, 0, 0, 3, 1263.48
1556008172, 0, 52, 214, 204, 59, 1.85%, 0, 0, 3, 1265.73
1556008177, 0, 52, 215, 205, 59, 1.86%, 0, 0, 3, 1167.55
1556008182, 0, 54, 218, 207, 59, 1.86%, 0, 0, 3, 1269.82
1556008187, 0, 60, 218, 205, 56, 1.86%, 0, 0, 3, 1158.68
1556008197, 0, 60, 221, 208, 56, 1.86%, 0, 0, 3, 1101.66
1556008202, 0, 66, 222, 207, 56, 1.86%, 0, 0, 3, 1095.48
1556008208, 0, 75, 223, 206, 55, 1.88%, 0, 0, 3, 1102.22
1556008213, 0, 81, 223, 204, 53, 1.88%, 0, 0, 3, 1108.70
1556008223, 0, 85, 223, 202, 51, 1.88%, 0, 0, 3, 1040.21
1556008228, 0, 91, 224, 202, 50, 1.88%, 0, 0, 3, 1097.76
1556008233, 0, 91, 226, 204, 50, 1.88%, 0, 0, 3, 1122.89
1556008238, 0, 93, 226, 203, 50, 1.88%, 0, 0, 3, 1140.26
1556008243, 0, 99, 230, 206, 49, 1.88%, 0, 0, 3, 1149.87
1556008248, 0, 101, 230, 205, 48, 1.88%, 0, 0, 3, 1164.58
1556008253, 0, 103, 230, 204, 47, 1.88%, 0, 0, 3, 1157.11
1556008264, 0, 106, 233, 206, 49, 1.90%, 0, 0, 3, 1128.73
1556008269, 0, 109, 233, 205, 48, 1.90%, 0, 0, 3, 1139.92
1556008279, 0, 112, 234, 205, 48, 1.90%, 0, 0, 3, 1097.25
1556008284, 0, 116, 234, 203, 45, 1.90%, 0, 0, 3, 1099.05
1556008289, 0, 116, 236, 205, 45, 1.90%, 0, 0, 3, 1063.33
1556008304, 0, 116, 240, 209, 45, 1.90%, 0, 0, 3, 1152.69
1556008315, 0, 117, 240, 208, 44, 1.90%, 0, 0, 3, 1153.59
1556008320, 0, 119, 240, 206, 42, 1.90%, 0, 0, 3, 1123.93
1556008325, 0, 126, 243, 207, 41, 1.90%, 0, 0, 3, 1089.78
1556008335, 0, 136, 246, 209, 40, 1.91%, 0, 0, 3, 1116.81
1556008340, 0, 139, 246, 207, 41, 1.91%, 0, 0, 3, 1173.60
1556008345, 0, 142, 246, 206, 41, 1.91%, 0, 0, 3, 1142.14
1556008350, 0, 146, 246, 205, 40, 1.91%, 0, 0, 3, 1138.44
1556008355, 0, 147, 246, 204, 39, 1.91%, 0, 0, 3, 1126.72
1556008361, 0, 148, 246, 203, 38, 1.91%, 0, 0, 3, 1180.74
1556008366, 0, 150, 246, 201, 36, 1.91%, 0, 0, 3, 1147.12
1556008376, 0, 151, 246, 200, 35, 1.91%, 0, 0, 3, 1168.61
1556008386, 0, 154, 247, 200, 34, 1.91%, 0, 0, 3, 1065.44
1556008396, 0, 156, 248, 200, 34, 1.91%, 0, 0, 3, 1011.92
1556008406, 0, 157, 248, 199, 33, 1.91%, 0, 0, 3, 1128.76
1556008411, 0, 161, 248, 198, 32, 1.91%, 0, 0, 3, 1184.03
1556008416, 0, 165, 248, 197, 31, 1.91%, 0, 0, 3, 1193.99
1556008421, 0, 166, 249, 197, 30, 1.91%, 0, 0, 4, 1172.44
1556008431, 0, 170, 251, 197, 29, 1.91%, 0, 0, 4, 1189.12
1556008436, 0, 185, 251, 194, 26, 1.91%, 0, 0, 4, 1171.16
1556008441, 0, 188, 251, 193, 25, 1.91%, 0, 0, 4, 1159.02
1556008447, 0, 189, 253, 194, 24, 1.91%, 0, 0, 4, 1144.71
1556008452, 0, 197, 255, 194, 22, 1.92%, 0, 0, 4, 1161.29
1556008457, 0, 197, 267, 206, 22, 1.95%, 0, 0, 4, 1175.52
1556008462, 0, 197, 270, 209, 22, 1.95%, 0, 0, 4, 1193.95
1556008467, 0, 197, 271, 210, 22, 1.95%, 0, 0, 4, 1150.74
1556008472, 0, 197, 273, 212, 22, 1.95%, 0, 0, 4, 1176.39
1556008477, 0, 197, 274, 213, 22, 1.95%, 0, 0, 4, 1147.99
1556008482, 0, 197, 275, 214, 22, 1.96%, 0, 0, 4, 1064.43
1556008487, 0, 200, 275, 213, 38, 1.96%, 0, 0, 4, 1119.65
1556008492, 0, 203, 276, 213, 37, 1.96%, 0, 0, 4, 1053.65
1556008497, 0, 203, 277, 214, 37, 1.96%, 0, 0, 4, 1139.40
1556008502, 0, 203, 279, 216, 37, 1.97%, 0, 0, 4, 1162.01
1556008507, 0, 205, 279, 215, 37, 1.97%, 0, 0, 4, 1109.99
1556008512, 0, 205, 282, 218, 37, 1.97%, 0, 0, 4, 1146.71
1556008517, 0, 210, 282, 217, 36, 1.97%, 0, 0, 4, 1140.67
1556008522, 0, 214, 282, 216, 35, 1.97%, 0, 0, 4, 1167.43
1556008533, 0, 217, 289, 222, 34, 2.08%, 0, 0, 4, 1144.75
1556008538, 0, 222, 289, 220, 33, 2.08%, 0, 0, 4, 1122.94
1556008543, 0, 224, 290, 220, 32, 2.08%, 0, 0, 4, 1121.18
1556008548, 0, 231, 292, 221, 32, 2.08%, 0, 0, 4, 1163.11
1556008558, 0, 232, 293, 221, 32, 2.09%, 0, 0, 4, 1043.92
1556008563, 0, 233, 293, 220, 32, 2.09%, 0, 0, 4, 1085.98
1556008578, 0, 241, 295, 221, 32, 2.10%, 0, 0, 4, 1145.10
1556008584, 0, 243, 295, 219, 30, 2.10%, 0, 0, 4, 1169.91
1556008589, 0, 244, 299, 222, 30, 2.11%, 0, 0, 4, 1164.02
1556008594, 0, 247, 301, 222, 31, 2.12%, 0, 0, 4, 1160.51
1556008599, 0, 247, 303, 224, 31, 2.12%, 0, 0, 4, 1190.18
1556008604, 0, 248, 304, 224, 32, 2.12%, 0, 0, 4, 1179.21
1556008614, 0, 253, 310, 229, 31, 2.14%, 0, 0, 5, 1208.50
1556008619, 0, 253, 312, 231, 31, 2.14%, 0, 0, 5, 1176.50
1556008624, 0, 254, 312, 230, 37, 2.14%, 0, 0, 5, 1127.79
1556008629, 0, 254, 313, 231, 37, 2.15%, 0, 0, 5, 1155.16
1556008634, 0, 255, 313, 230, 37, 2.15%, 0, 0, 5, 1160.91
1556008644, 0, 256, 315, 231, 37, 2.15%, 0, 0, 5, 1194.72
1556008649, 0, 256, 316, 232, 37, 2.15%, 0, 0, 5, 1183.00
1556008654, 0, 257, 316, 231, 37, 2.15%, 0, 0, 5, 1209.41
1556008659, 0, 258, 316, 230, 36, 2.15%, 0, 0, 5, 1197.57
1556008664, 0, 258, 317, 231, 36, 2.15%, 0, 0, 5, 1192.07
1556008670, 0, 259, 317, 230, 36, 2.15%, 0, 0, 5, 1190.46
1556008675, 0, 260, 317, 229, 35, 2.15%, 0, 0, 5, 1194.11
1556008685, 0, 261, 317, 228, 34, 2.15%, 0, 0, 5, 1205.15
1556008690, 0, 262, 317, 227, 33, 2.15%, 0, 0, 5, 1192.29
1556008700, 0, 263, 318, 227, 33, 2.16%, 0, 0, 5, 1213.07
1556008710, 0, 264, 319, 227, 33, 2.16%, 0, 0, 5, 1207.06
1556008715, 0, 264, 320, 228, 33, 2.17%, 0, 0, 5, 1173.63
1556008720, 0, 265, 320, 227, 34, 2.17%, 0, 0, 5, 1251.81
1556008726, 0, 265, 322, 229, 34, 2.17%, 0, 0, 5, 1286.07
1556008731, 0, 268, 322, 228, 35, 2.17%, 0, 0, 5, 1332.87
1556008736, 0, 269, 322, 227, 34, 2.17%, 0, 0, 5, 1336.99
1556008746, 0, 270, 322, 226, 33, 2.17%, 0, 0, 5, 1340.02
1556008751, 0, 272, 322, 225, 32, 2.17%, 0, 0, 5, 1328.57
1556008756, 0, 274, 322, 224, 31, 2.17%, 0, 0, 5, 1284.29
1556008761, 0, 277, 322, 223, 30, 2.17%, 0, 0, 5, 1315.79
1556008766, 0, 277, 327, 228, 30, 2.17%, 0, 0, 5, 1060.22
1556008771, 0, 277, 328, 229, 30, 2.18%, 0, 0, 5, 1152.33
1556008776, 0, 277, 338, 239, 30, 2.18%, 0, 0, 5, 1138.90
1556008781, 0, 277, 339, 240, 30, 2.18%, 0, 0, 5, 1142.81
1556008786, 0, 277, 341, 242, 30, 2.18%, 0, 0, 5, 1257.28
1556008792, 0, 277, 346, 247, 30, 2.18%, 0, 0, 5, 1315.24
1556008802, 0, 290, 348, 248, 31, 2.18%, 0, 0, 5, 1338.26
1556008807, 0, 291, 348, 247, 30, 2.18%, 0, 0, 5, 1375.16
1556008817, 0, 292, 349, 247, 29, 2.18%, 0, 0, 5, 1072.90
1556008827, 0, 294, 349, 246, 29, 2.18%, 0, 0, 5, 1090.42
1556008842, 0, 294, 351, 248, 29, 2.28%, 0, 0, 5, 1079.65
1556008847, 0, 295, 351, 247, 29, 2.28%, 0, 0, 5, 1069.93
1556008852, 0, 296, 351, 246, 28, 2.28%, 0, 0, 5, 1087.67
1556008857, 0, 297, 351, 245, 27, 2.28%, 0, 0, 5, 1052.62
1556008862, 0, 298, 352, 245, 26, 2.28%, 0, 0, 5, 1057.64
1556008867, 0, 299, 352, 244, 25, 2.28%, 0, 0, 5, 1077.93
1556008872, 0, 301, 354, 245, 24, 2.28%, 0, 0, 5, 1065.70
1556008877, 0, 301, 356, 247, 24, 2.28%, 0, 0, 5, 1081.01
1556008883, 0, 302, 357, 247, 23, 2.28%, 0, 0, 5, 1086.04
1556008888, 0, 304, 357, 246, 23, 2.28%, 0, 0, 5, 1108.26
1556008898, 0, 305, 357, 245, 22, 2.28%, 0, 0, 5, 982.95
1556008908, 0, 306, 357, 244, 21, 2.28%, 0, 0, 5, 1007.01
1556008913, 0, 307, 357, 243, 20, 2.28%, 0, 0, 5, 1166.44
1556008923, 0, 308, 357, 242, 19, 2.28%, 0, 0, 5, 1194.63
1556008929, 0, 309, 357, 241, 18, 2.28%, 0, 0, 5, 1195.38
1556008939, 0, 311, 357, 240, 17, 2.28%, 0, 0, 5, 1178.62
1556008944, 0, 312, 357, 239, 16, 2.28%, 0, 0, 5, 1168.10
1556008954, 0, 313, 358, 239, 16, 2.29%, 0, 0, 6, 1170.48
1556008969, 0, 314, 358, 238, 15, 2.29%, 0, 0, 6, 1180.55
1556008974, 0, 316, 358, 237, 14, 2.29%, 0, 0, 6, 1196.32
1556008984, 0, 317, 358, 236, 13, 2.29%, 0, 0, 6, 1179.16
1556008994, 0, 318, 358, 235, 12, 2.29%, 0, 0, 6, 1070.76
1556009005, 0, 319, 359, 235, 11, 2.29%, 0, 0, 6, 1120.25
1556009015, 0, 319, 360, 236, 11, 2.29%, 0, 0, 6, 1096.60
1556009020, 0, 320, 360, 235, 10, 2.29%, 0, 0, 6, 1081.20
1556009035, 0, 321, 360, 234, 9, 2.29%, 0, 0, 6, 342.33
1556009056, 0, 322, 360, 233, 8, 2.29%, 0, 0, 6, 1007.71
1556009066, 0, 322, 361, 234, 8, 2.29%, 0, 0, 6, 1079.01
1556009071, 0, 324, 361, 233, 7, 2.29%, 0, 0, 6, 1072.10
1556009086, 0, 347, 361, 232, 6, 2.29%, 0, 0, 6, 1062.32
1556009091, 0, 347, 364, 235, 6, 2.29%, 0, 0, 6, 1048.41
1556009097, 0, 347, 365, 236, 6, 2.29%, 0, 0, 6, 1117.27
1556009107, 0, 347, 370, 241, 6, 2.29%, 0, 0, 6, 1113.32
1556009112, 0, 347, 372, 243, 6, 2.29%, 0, 0, 6, 1113.97
1556009117, 0, 347, 373, 244, 6, 2.29%, 0, 0, 6, 1151.78
1556009122, 0, 347, 374, 245, 6, 2.29%, 0, 0, 6, 1157.55
1556009127, 0, 347, 375, 246, 6, 2.29%, 0, 0, 6, 1141.71
1556009132, 0, 348, 375, 245, 5, 2.29%, 0, 0, 6, 1180.83
1556009143, 0, 350, 379, 248, 4, 2.32%, 0, 0, 6, 1094.86
1556009148, 0, 350, 380, 249, 4, 2.33%, 0, 0, 6, 1159.08
1556009153, 0, 356, 380, 248, 8, 2.33%, 0, 0, 6, 1183.60
1556009158, 0, 357, 386, 253, 7, 2.37%, 0, 0, 7, 1195.03
1556009163, 0, 375, 386, 252, 11, 2.37%, 0, 0, 7, 1179.09
1556009174, 0, 376, 386, 251, 10, 2.37%, 0, 0, 7, 1195.96
1556009179, 0, 377, 386, 250, 9, 2.37%, 0, 0, 7, 1110.90
1556009189, 0, 378, 386, 249, 8, 2.37%, 0, 0, 7, 1137.12
1556009194, 0, 378, 387, 250, 8, 2.38%, 0, 0, 7, 1111.75
1556009199, 0, 379, 387, 249, 8, 2.38%, 0, 0, 7, 1190.73
1556009204, 0, 381, 389, 250, 7, 2.38%, 0, 0, 8, 1162.49
1556009209, 0, 381, 390, 251, 7, 2.38%, 0, 0, 8, 1165.37
1556009214, 0, 382, 390, 250, 8, 2.38%, 0, 0, 8, 1178.05
1556009219, 0, 384, 391, 250, 7, 2.39%, 0, 0, 8, 1199.27
1556009224, 0, 385, 391, 249, 7, 2.39%, 0, 0, 8, 1214.01
1556009229, 0, 385, 394, 252, 7, 2.39%, 0, 0, 8, 1169.83
1556009240, 0, 386, 394, 251, 7, 2.39%, 0, 0, 8, 1181.75
1556009250, 0, 387, 394, 250, 6, 2.39%, 0, 0, 8, 1201.98
1556009255, 0, 388, 394, 249, 5, 2.39%, 0, 0, 8, 1197.57
1556009265, 0, 388, 396, 251, 5, 2.40%, 0, 0, 9, 1197.33
1556009270, 0, 389, 396, 250, 6, 2.40%, 0, 0, 9, 1224.29
1556009280, 0, 390, 396, 249, 5, 2.40%, 0, 0, 9, 1182.19
1556009285, 0, 393, 396, 248, 4, 2.40%, 0, 0, 9, 1214.77
1556009295, 0, 394, 397, 248, 3, 2.40%, 0, 0, 10, 1212.61
1556009300, 0, 395, 397, 247, 2, 2.40%, 0, 0, 10, 1203.10
1556009311, 1, 67, 400, 249, 1, 2.40%, 0, 0, 10, 1187.23
1556009316, 1, 67, 401, 250, 1, 2.40%, 0, 0, 10, 1211.08
1556009321, 1, 67, 402, 251, 1, 2.40%, 0, 0, 10, 1181.90
1556009341, 1, 68, 402, 250, 0, 2.40%, 0, 0, 10, 1147.55
1556009351, 1, 95, 402, 249, 0, 2.40%, 0, 0, 10, 1197.86
1556009361, 1, 97, 402, 247, 0, 2.40%, 0, 0, 10, 1213.76
1556009366, 1, 175, 403, 247, 1, 2.40%, 0, 0, 10, 1212.83
1556009372, 1, 310, 403, 246, 1, 2.40%, 0, 0, 10, 1204.04
1556009377, 1, 310, 405, 248, 1, 2.40%, 0, 0, 10, 1189.28
1556009382, 1, 310, 407, 250, 1, 2.40%, 0, 0, 10, 1176.00
1556009387, 1, 310, 408, 251, 1, 2.40%, 0, 0, 10, 1170.99
1556009402, 1, 328, 408, 250, 1, 2.40%, 0, 0, 10, 1194.04
1556009412, 1, 328, 412, 254, 1, 2.40%, 0, 0, 10, 1205.67
1556009417, 1, 328, 414, 256, 1, 2.40%, 0, 0, 10, 1222.11
1556009423, 1, 328, 418, 260, 1, 2.40%, 0, 0, 10, 1133.68
1556009428, 1, 328, 419, 261, 1, 2.40%, 0, 0, 10, 1181.27
1556009433, 1, 402, 420, 261, 1, 2.40%, 0, 0, 10, 1191.41
1556009443, 1, 419, 420, 260, 1, 2.40%, 0, 0, 10, 1212.43
1556009448, 1, 419, 421, 261, 1, 2.40%, 0, 0, 10, 1171.87
1556009453, 2, 13, 421, 259, 0, 2.40%, 0, 0, 10, 1209.83
1556009458, 2, 27, 421, 257, 0, 2.40%, 0, 0, 10, 1198.32
1556009468, 2, 39, 421, 255, 0, 2.40%, 0, 0, 10, 1160.93
1556009473, 2, 47, 421, 254, 0, 2.40%, 0, 0, 10, 1131.95
1556009484, 2, 50, 421, 253, 0, 2.40%, 0, 0, 10, 1192.58
1556009499, 2, 59, 423, 254, 0, 2.40%, 0, 0, 10, 1198.44
1556009504, 2, 74, 424, 254, 0, 2.40%, 0, 0, 10, 1187.80
1556009510, 2, 83, 424, 253, 0, 2.40%, 0, 0, 10, 1175.94
1556009530, 2, 86, 424, 252, 0, 2.40%, 0, 0, 10, 1199.85
1556009535, 2, 94, 424, 251, 0, 2.40%, 0, 0, 10, 1200.30
1556009540, 2, 118, 424, 250, 0, 2.40%, 0, 0, 10, 1232.72
1556009545, 2, 130, 424, 250, 0, 2.40%, 0, 0, 10, 1229.94
1556009565, 2, 135, 424, 249, 0, 2.40%, 0, 0, 10, 1195.63
1556009570, 2, 153, 424, 248, 0, 2.40%, 0, 0, 10, 1178.20
1556009591, 2, 159, 424, 247, 0, 2.40%, 0, 0, 10, 1331.53
1556009601, 2, 174, 425, 247, 0, 2.40%, 0, 0, 10, 1354.44
1556009611, 2, 179, 425, 246, 0, 2.40%, 0, 0, 10, 1287.71
1556009616, 2, 182, 425, 245, 0, 2.40%, 0, 0, 10, 1344.21
1556009626, 2, 183, 425, 244, 0, 2.40%, 0, 0, 10, 1252.94
1556009632, 2, 201, 426, 244, 0, 2.40%, 0, 0, 10, 1218.58
1556009637, 2, 202, 426, 243, 0, 2.40%, 0, 0, 10, 1322.61
1556009652, 2, 206, 426, 242, 0, 2.40%, 0, 0, 10, 1072.57
1556009662, 2, 212, 426, 241, 0, 2.40%, 0, 0, 10, 1210.82
1556009672, 2, 216, 427, 241, 0, 2.40%, 0, 0, 10, 1201.83
1556009682, 2, 219, 427, 240, 0, 2.40%, 0, 0, 10, 1208.23
1556009692, 2, 220, 427, 239, 0, 2.40%, 0, 0, 10, 1321.34
1556009707, 2, 227, 427, 238, 0, 2.40%, 0, 0, 10, 1364.78
1556009713, 2, 234, 428, 238, 0, 2.40%, 0, 0, 10, 1327.36
1556009738, 2, 246, 428, 237, 0, 2.40%, 0, 0, 10, 1147.91
1556009743, 2, 249, 429, 237, 0, 2.40%, 0, 0, 10, 1197.97
1556009748, 2, 249, 430, 238, 0, 2.40%, 0, 0, 10, 1174.75
1556009753, 2, 262, 430, 237, 0, 2.40%, 0, 0, 10, 1170.61
1556009758, 2, 271, 430, 237, 0, 2.40%, 0, 0, 10, 1198.58
1556009768, 2, 275, 430, 236, 0, 2.40%, 0, 0, 10, 1148.76
1556009783, 2, 299, 430, 235, 0, 2.40%, 0, 0, 10, 1158.26
1556009788, 2, 300, 431, 236, 0, 2.40%, 0, 0, 10, 1171.64
1556009793, 2, 313, 431, 235, 0, 2.40%, 0, 0, 10, 1177.97
1556009798, 2, 315, 434, 238, 0, 2.40%, 0, 0, 10, 1192.50
1556009804, 2, 315, 435, 239, 0, 2.40%, 0, 0, 10, 1221.71
1556009809, 2, 315, 436, 240, 0, 2.40%, 0, 0, 10, 1098.05
1556009814, 2, 325, 436, 239, 0, 2.40%, 0, 0, 10, 1156.12
1556009829, 2, 326, 436, 238, 0, 2.40%, 0, 0, 10, 1145.46
1556009844, 2, 327, 436, 237, 0, 2.40%, 0, 0, 10, 1149.28
1556009859, 2, 332, 436, 236, 0, 2.40%, 0, 0, 10, 1144.82
1556009885, 2, 337, 436, 235, 0, 2.40%, 0, 0, 10, 1081.36
1556009905, 2, 337, 437, 236, 0, 2.40%, 0, 0, 10, 1136.88
1556009910, 2, 340, 437, 235, 0, 2.40%, 0, 0, 10, 1147.81
1556009931, 2, 349, 437, 234, 0, 2.40%, 0, 0, 10, 1139.03
1556009936, 2, 349, 438, 235, 0, 2.40%, 0, 0, 10, 1156.12
1556009941, 2, 349, 441, 238, 0, 2.40%, 0, 0, 10, 1164.09
1556009956, 2, 358, 441, 237, 0, 2.40%, 0, 0, 10, 1162.28
1556009961, 2, 358, 442, 238, 0, 2.40%, 0, 0, 10, 1163.07
1556009966, 2, 358, 443, 239, 0, 2.40%, 0, 0, 10, 1142.87
1556009971, 2, 362, 443, 238, 0, 2.40%, 0, 0, 10, 1151.44
1556009992, 2, 363, 443, 237, 0, 2.40%, 0, 0, 10, 1100.94
1556010007, 2, 368, 444, 237, 0, 2.40%, 0, 0, 10, 1142.40
1556010037, 2, 368, 446, 239, 0, 2.40%, 0, 0, 10, 1113.60
1556010042, 2, 368, 447, 240, 0, 2.40%, 0, 0, 10, 1145.92
1556010047, 2, 368, 448, 241, 0, 2.40%, 0, 0, 10, 1147.00
1556010052, 2, 368, 449, 242, 0, 2.40%, 0, 0, 10, 1137.86
1556010063, 2, 368, 450, 243, 0, 2.40%, 0, 0, 10, 1137.97
1556010068, 2, 383, 451, 243, 0, 2.40%, 0, 0, 10, 1144.45
1556010078, 2, 390, 451, 242, 0, 2.40%, 0, 0, 10, 1146.31
1556010083, 2, 391, 451, 242, 0, 2.40%, 0, 0, 10, 1191.45
1556010088, 2, 392, 451, 241, 0, 2.40%, 0, 0, 10, 1192.90
1556010098, 2, 406, 451, 240, 0, 2.40%, 0, 0, 10, 1161.00
1556010103, 2, 407, 451, 239, 0, 2.40%, 0, 0, 10, 1162.07
1556010108, 2, 407, 453, 241, 0, 2.40%, 0, 0, 10, 1176.08
1556010113, 2, 407, 454, 242, 0, 2.40%, 0, 0, 10, 1154.27
1556010118, 2, 409, 454, 241, 0, 2.40%, 0, 0, 10, 1102.76
1556010144, 2, 409, 455, 242, 0, 2.40%, 0, 0, 10, 1108.49
1556010149, 2, 409, 457, 244, 0, 2.40%, 0, 0, 10, 1058.11
1556010159, 2, 409, 458, 245, 0, 2.40%, 0, 0, 10, 1078.54
1556010174, 2, 416, 458, 244, 0, 2.40%, 0, 0, 10, 1084.76
1556010215, 2, 420, 458, 243, 0, 2.40%, 0, 0, 10, 1122.29
1556010225, 2, 423, 458, 242, 0, 2.40%, 0, 0, 10, 1152.55
1556010250, 2, 427, 458, 241, 0, 2.40%, 0, 0, 10, 1130.51
1556010255, 2, 427, 459, 242, 0, 2.40%, 0, 0, 10, 1200.31
1556010266, 2, 429, 459, 241, 0, 2.40%, 0, 0, 10, 1053.64
