# unix_time, cycles_done, cur_path, paths_total, pending_total, pending_favs, map_size, unique_crashes, unique_hangs, max_depth, execs_per_sec
1555942463, 0, 0, 11, 11, 1, 1.24%, 0, 0, 1, 671.76
1555942468, 0, 6, 81, 81, 1, 1.69%, 0, 0, 2, 746.34
1555942474, 0, 6, 95, 95, 1, 1.69%, 0, 0, 2, 754.48
1555942479, 0, 14, 128, 127, 20, 1.70%, 0, 0, 3, 773.20
1555942484, 0, 19, 135, 133, 19, 1.70%, 0, 0, 3, 773.89
1555942489, 0, 19, 139, 137, 19, 1.70%, 0, 0, 3, 762.87
1555942494, 0, 19, 152, 150, 19, 1.70%, 0, 0, 3, 752.50
1555942499, 0, 31, 167, 161, 17, 1.71%, 0, 0, 3, 743.18
1555942504, 0, 51, 179, 170, 15, 1.72%, 0, 0, 3, 709.25
1555942509, 0, 77, 191, 177, 9, 1.72%, 0, 0, 3, 654.34
1555942514, 0, 133, 195, 177, 9, 1.73%, 0, 0, 4, 690.18
1555942520, 0, 176, 203, 181, 8, 1.75%, 0, 0, 4, 677.02
1555942525, 0, 192, 228, 202, 14, 1.95%, 0, 0, 4, 692.54
1555942530, 0, 205, 239, 210, 12, 2.11%, 0, 0, 5, 695.33
1555942535, 0, 205, 243, 214, 12, 2.13%, 0, 0, 5, 688.47
1555942540, 0, 205, 246, 217, 12, 2.13%, 0, 0, 5, 702.69
1555942545, 0, 236, 269, 236, 15, 2.16%, 0, 0, 6, 679.97
1555942550, 0, 236, 277, 244, 15, 2.17%, 0, 0, 6, 679.45
1555942555, 0, 236, 279, 246, 15, 2.17%, 0, 0, 6, 674.49
1555942560, 0, 241, 287, 252, 16, 2.18%, 0, 0, 6, 634.75
1555942565, 0, 241, 289, 254, 16, 2.18%, 0, 0, 6, 679.08
1555942571, 0, 241, 293, 258, 16, 2.19%, 0, 0, 6, 698.93
1555942576, 0, 249, 313, 275, 22, 2.38%, 0, 0, 6, 717.19
1555942581, 0, 255, 319, 279, 20, 2.38%, 0, 0, 6, 672.01
1555942586, 0, 255, 320, 280, 20, 2.38%, 0, 0, 6, 685.85
1555942591, 0, 256, 340, 299, 31, 2.48%, 0, 0, 6, 682.26
1555942596, 0, 275, 344, 300, 28, 2.48%, 0, 0, 7, 715.86
1555942601, 0, 275, 345, 301, 28, 2.48%, 0, 0, 7, 693.83
1555942606, 0, 278, 351, 306, 28, 2.48%, 0, 0, 7, 680.14
1555942611, 0, 278, 356, 311, 28, 2.48%, 0, 0, 7, 682.45
1555942616, 0, 280, 385, 339, 35, 2.53%, 0, 0, 7, 702.03
1555942621, 0, 289, 386, 338, 33, 2.53%, 0, 0, 7, 692.08
1555942626, 0, 322, 390, 335, 24, 2.54%, 0, 0, 7, 698.51
1555942631, 0, 335, 399, 340, 21, 2.55%, 0, 0, 7, 699.47
1555942637, 0, 342, 402, 341, 19, 2.55%, 0, 0, 8, 704.34
1555942642, 0, 370, 407, 343, 16, 2.56%, 0, 0, 8, 688.95
1555942647, 0, 375, 416, 348, 15, 2.56%, 0, 0, 8, 698.02
1555942652, 0, 387, 423, 351, 10, 2.56%, 0, 0, 8, 684.69
1555942657, 0, 391, 428, 353, 10, 2.59%, 0, 0, 8, 710.89
1555942662, 0, 411, 435, 357, 8, 2.60%, 0, 0, 8, 684.05
1555942667, 0, 422, 445, 363, 5, 2.60%, 0, 0, 8, 697.74
1555942672, 0, 426, 446, 363, 4, 2.60%, 0, 0, 8, 694.69
1555942677, 0, 446, 453, 367, 2, 2.60%, 0, 0, 8, 700.30
1555942682, 1, 40, 453, 364, 0, 2.60%, 0, 0, 8, 681.97
1555942687, 1, 455, 469, 377, 6, 2.64%, 0, 0, 8, 725.04
1555942692, 1, 455, 477, 385, 6, 2.66%, 0, 0, 8, 721.32
1555942697, 1, 455, 478, 386, 6, 2.66%, 0, 0, 8, 681.51
1555942702, 1, 457, 478, 384, 17, 2.66%, 0, 0, 8, 671.68
1555942708, 1, 461, 492, 396, 15, 2.66%, 0, 0, 8, 660.07
1555942718, 1, 470, 503, 401, 12, 2.67%, 0, 0, 8, 699.36
1555942723, 1, 476, 506, 398, 7, 2.68%, 0, 0, 8, 684.83
1555942728, 1, 496, 515, 404, 7, 2.69%, 0, 0, 8, 723.15
1555942733, 1, 505, 517, 403, 5, 2.69%, 0, 0, 8, 713.37
1555942738, 1, 506, 521, 406, 5, 2.69%, 0, 0, 8, 656.09
1555942743, 1, 515, 524, 407, 3, 2.69%, 0, 0, 8, 629.82
1555942749, 1, 516, 524, 406, 4, 2.69%, 0, 0, 8, 614.35
1555942754, 1, 522, 524, 405, 3, 2.69%, 0, 0, 8, 629.52
1555942759, 2, 326, 525, 403, 1, 2.69%, 0, 0, 8, 650.61
1555942764, 2, 342, 527, 402, 0, 2.69%, 0, 0, 8, 681.63
1555942769, 2, 348, 529, 403, 0, 2.69%, 0, 0, 8, 655.32
1555942774, 2, 358, 529, 401, 0, 2.69%, 0, 0, 8, 657.92
1555942779, 2, 366, 529, 398, 0, 2.69%, 0, 0, 8, 652.95
1555942784, 2, 375, 533, 401, 0, 2.69%, 0, 0, 8, 663.37
1555942789, 2, 386, 533, 399, 0, 2.69%, 0, 0, 8, 644.81
1555942794, 2, 399, 534, 398, 0, 2.69%, 0, 0, 8, 681.42
1555942799, 2, 407, 535, 397, 0, 2.69%, 0, 0, 8, 685.06
1555942805, 2, 420, 536, 396, 0, 2.69%, 0, 0, 8, 668.18
1555942810, 2, 427, 538, 396, 0, 2.69%, 0, 0, 8, 647.33
1555942815, 2, 443, 542, 397, 0, 2.69%, 0, 0, 8, 643.28
1555942820, 2, 449, 543, 396, 0, 2.69%, 0, 0, 8, 667.29
1555942825, 2, 456, 544, 395, 0, 2.69%, 0, 0, 8, 682.94
1555942830, 2, 461, 550, 400, 0, 2.69%, 0, 0, 8, 669.83
1555942835, 2, 473, 550, 400, 0, 2.69%, 0, 0, 8, 672.60
1555942840, 3, 14, 552, 400, 0, 2.69%, 0, 0, 8, 659.36
1555942846, 3, 25, 556, 401, 0, 2.69%, 0, 0, 8, 642.20
1555942851, 3, 32, 560, 402, 0, 2.69%, 0, 0, 8, 648.29
1555942856, 3, 46, 562, 402, 0, 2.69%, 0, 0, 8, 681.58
1555942861, 3, 65, 565, 404, 0, 2.69%, 0, 0, 8, 637.45
1555942866, 3, 89, 571, 409, 0, 2.69%, 0, 0, 8, 631.24
1555942871, 3, 97, 571, 405, 0, 2.69%, 0, 0, 8, 621.46
1555942876, 3, 112, 571, 401, 0, 2.69%, 0, 0, 8, 600.62
1555942881, 3, 131, 572, 398, 0, 2.69%, 0, 0, 8, 569.95
1555942886, 3, 141, 573, 397, 0, 2.69%, 0, 0, 8, 561.23
1555942892, 3, 154, 573, 394, 0, 2.69%, 0, 0, 8, 583.73
1555942897, 3, 170, 574, 391, 0, 2.69%, 0, 0, 8, 573.91
1555942902, 3, 192, 574, 389, 0, 2.69%, 0, 0, 8, 597.19
1555942907, 3, 213, 575, 388, 0, 2.69%, 0, 0, 8, 594.54
1555942912, 3, 235, 575, 380, 0, 2.69%, 0, 0, 8, 599.71
1555942917, 3, 245, 575, 378, 0, 2.69%, 0, 0, 8, 610.51
1555942922, 3, 265, 575, 376, 0, 2.69%, 0, 0, 8, 603.00
1555942927, 3, 274, 575, 374, 0, 2.69%, 0, 0, 8, 578.20
1555942932, 3, 277, 575, 373, 0, 2.69%, 0, 0, 8, 584.57
1555942937, 3, 278, 575, 372, 0, 2.69%, 0, 0, 8, 599.45
1555942943, 3, 281, 577, 373, 0, 2.69%, 0, 0, 8, 621.98
1555942948, 3, 348, 577, 369, 1, 2.69%, 0, 0, 8, 614.57
1555942953, 3, 465, 577, 368, 1, 2.69%, 0, 0, 8, 630.22
1555942958, 3, 478, 578, 368, 1, 2.69%, 0, 0, 8, 605.97
1555942963, 3, 575, 579, 368, 1, 2.69%, 0, 0, 8, 598.86
1555942968, 3, 576, 580, 368, 0, 2.69%, 0, 0, 8, 618.47
1555942978, 4, 24, 583, 370, 0, 2.69%, 0, 0, 8, 578.72
1555942983, 4, 33, 584, 370, 0, 2.69%, 0, 0, 8, 578.03
1555942988, 4, 46, 584, 367, 0, 2.69%, 0, 0, 8, 580.48
1555942994, 4, 57, 587, 368, 0, 2.69%, 0, 0, 8, 585.08
1555942999, 4, 78, 587, 366, 0, 2.69%, 0, 0, 8, 583.88
1555943004, 4, 86, 588, 364, 0, 2.69%, 0, 0, 8, 572.80
1555943009, 4, 202, 589, 363, 1, 2.74%, 0, 0, 8, 575.88
1555943014, 4, 236, 589, 362, 1, 2.74%, 0, 0, 8, 589.22
1555943019, 4, 329, 591, 363, 1, 2.74%, 0, 0, 8, 597.89
1555943024, 4, 516, 591, 362, 1, 2.74%, 0, 0, 8, 591.14
1555943029, 4, 576, 592, 363, 2, 2.74%, 0, 0, 8, 599.97
1555943034, 4, 591, 593, 363, 1, 2.74%, 0, 0, 8, 606.87
1555943040, 5, 1, 595, 364, 0, 2.79%, 0, 0, 8, 579.17
1555943045, 5, 163, 597, 363, 1, 2.79%, 0, 0, 8, 574.76
1555943050, 5, 578, 600, 363, 1, 2.79%, 0, 0, 8, 560.27
1555943055, 5, 594, 602, 364, 1, 2.79%, 0, 0, 8, 591.38
1555943060, 5, 596, 603, 364, 0, 2.79%, 0, 0, 8, 538.95
1555943065, 5, 596, 613, 374, 0, 2.79%, 0, 0, 8, 528.41
1555943070, 6, 29, 618, 376, 1, 2.79%, 0, 0, 8, 578.73
1555943075, 6, 488, 621, 377, 1, 2.79%, 0, 0, 8, 583.81
1555943080, 6, 488, 626, 382, 1, 2.80%, 0, 0, 8, 579.78
1555943085, 6, 488, 628, 384, 1, 2.80%, 0, 0, 8, 582.98
1555943090, 6, 561, 629, 384, 3, 2.80%, 0, 0, 8, 592.82
1555943095, 6, 622, 633, 386, 2, 2.80%, 0, 0, 8, 613.20
1555943100, 6, 622, 634, 387, 2, 2.80%, 0, 0, 8, 568.84
1555943106, 6, 623, 635, 387, 2, 2.80%, 0, 0, 8, 589.77
1555943111, 6, 623, 639, 391, 2, 2.80%, 0, 0, 8, 602.32
1555943116, 6, 623, 640, 392, 2, 2.80%, 0, 0, 8, 588.69
1555943121, 6, 632, 642, 393, 2, 2.81%, 0, 0, 8, 594.04
1555943126, 6, 632, 645, 396, 2, 2.81%, 0, 0, 8, 584.93
1555943131, 6, 632, 646, 397, 2, 2.81%, 0, 0, 8, 597.81
1555943136, 6, 632, 649, 400, 2, 2.82%, 0, 0, 8, 602.80
1555943141, 6, 641, 654, 404, 4, 2.82%, 0, 0, 8, 571.82
1555943146, 6, 641, 655, 405, 4, 2.82%, 0, 0, 8, 594.65
1555943157, 6, 643, 674, 423, 4, 2.82%, 0, 0, 8, 585.13
1555943167, 6, 643, 675, 424, 4, 2.82%, 0, 0, 8, 573.86
1555943177, 6, 646, 676, 424, 3, 2.82%, 0, 0, 8, 619.80
1555943182, 6, 646, 677, 425, 3, 2.82%, 0, 0, 8, 584.53
1555943197, 6, 651, 677, 424, 3, 2.82%, 0, 0, 8, 603.11
1555943212, 6, 654, 679, 425, 2, 2.82%, 0, 0, 8, 606.45
1555943223, 6, 654, 685, 431, 2, 2.82%, 0, 0, 8, 603.76
1555943233, 6, 676, 703, 447, 1, 2.83%, 0, 0, 8, 573.44
1555943238, 6, 677, 713, 457, 2, 2.83%, 0, 0, 8, 600.82
1555943248, 6, 677, 714, 458, 2, 2.83%, 0, 0, 8, 589.04
1555943258, 6, 684, 719, 462, 2, 2.85%, 0, 0, 8, 610.27
1555943263, 6, 684, 721, 464, 2, 2.85%, 0, 0, 8, 603.80
1555943268, 6, 684, 722, 465, 2, 2.85%, 0, 0, 8, 593.14
1555943273, 6, 684, 723, 466, 2, 2.85%, 0, 0, 8, 556.17
1555943278, 6, 685, 727, 469, 6, 2.85%, 0, 0, 8, 569.44
1555943283, 6, 714, 727, 468, 5, 2.85%, 0, 0, 8, 577.14
1555943288, 6, 714, 728, 469, 5, 2.85%, 0, 0, 8, 624.13
1555943293, 6, 714, 729, 470, 5, 2.85%, 0, 0, 8, 651.66
1555943298, 6, 717, 743, 482, 4, 2.85%, 0, 0, 8, 606.88
1555943314, 6, 718, 751, 489, 3, 2.85%, 0, 0, 8, 562.51
1555943319, 6, 719, 756, 493, 3, 2.85%, 0, 0, 8, 551.70
1555943324, 6, 741, 756, 492, 2, 2.85%, 0, 0, 8, 281.52
1555943339, 6, 741, 760, 496, 2, 2.85%, 0, 0, 8, 162.71
1555943345, 6, 741, 764, 500, 2, 2.85%, 0, 0, 8, 206.91
1555943350, 6, 741, 767, 503, 2, 2.85%, 0, 0, 8, 215.67
1555943355, 6, 741, 768, 504, 2, 2.85%, 0, 0, 8, 199.94
1555943365, 6, 741, 770, 506, 2, 2.85%, 0, 0, 8, 197.09
1555943370, 6, 743, 771, 506, 1, 2.85%, 0, 0, 8, 447.15
1555943375, 6, 747, 780, 514, 2, 2.89%, 0, 0, 8, 263.20
1555943385, 6, 747, 781, 515, 2, 2.89%, 0, 0, 8, 269.08
1555943391, 6, 747, 782, 516, 2, 2.89%, 0, 0, 8, 268.31
1555943411, 6, 778, 783, 515, 2, 2.89%, 0, 0, 8, 65.80
1555943431, 7, 14, 787, 516, 0, 2.89%, 0, 0, 8, 458.59
1555943437, 7, 30, 787, 513, 0, 2.89%, 0, 0, 8, 606.90
1555943442, 7, 47, 788, 512, 0, 2.89%, 0, 0, 8, 622.61
1555943447, 7, 71, 789, 511, 0, 2.89%, 0, 0, 8, 634.00
1555943452, 7, 82, 791, 510, 0, 2.89%, 0, 0, 8, 686.44
1555943457, 7, 108, 792, 508, 0, 2.89%, 0, 0, 8, 675.72
1555943462, 7, 136, 792, 505, 0, 2.89%, 0, 0, 8, 664.53
1555943467, 7, 153, 793, 503, 0, 2.89%, 0, 0, 8, 642.51
1555943472, 7, 167, 793, 500, 0, 2.89%, 0, 0, 8, 585.88
1555943477, 7, 352, 794, 499, 1, 2.89%, 0, 0, 8, 675.40
1555943482, 7, 550, 794, 497, 1, 2.89%, 0, 0, 8, 690.26
1555943487, 7, 784, 794, 497, 1, 2.89%, 0, 0, 8, 501.50
1555943492, 7, 784, 799, 502, 1, 2.89%, 0, 0, 8, 459.11
1555943498, 7, 796, 799, 500, 0, 2.89%, 0, 0, 8, 310.42
1555943503, 7, 796, 800, 501, 0, 2.89%, 0, 0, 8, 359.86
1555943508, 8, 29, 804, 503, 0, 2.89%, 0, 0, 8, 587.30
1555943513, 8, 51, 805, 503, 0, 2.89%, 0, 0, 8, 666.96
1555943518, 8, 63, 806, 501, 0, 2.89%, 0, 0, 8, 685.21
1555943523, 8, 81, 809, 500, 0, 2.89%, 0, 0, 8, 624.76
1555943528, 8, 103, 810, 499, 0, 2.89%, 0, 0, 8, 634.30
1555943533, 8, 139, 812, 499, 0, 2.89%, 0, 0, 8, 649.63
1555943538, 8, 164, 812, 497, 0, 2.89%, 0, 0, 8, 577.02
1555943544, 8, 181, 813, 496, 0, 2.89%, 0, 0, 8, 563.84
1555943549, 8, 209, 813, 493, 0, 2.89%, 0, 0, 8, 644.33
1555943554, 8, 227, 815, 492, 0, 2.89%, 0, 0, 8, 671.35
1555943559, 8, 251, 815, 488, 0, 2.89%, 0, 0, 8, 656.43
1555943564, 8, 266, 816, 487, 0, 2.89%, 0, 0, 8, 705.27
1555943569, 8, 273, 816, 484, 0, 2.89%, 0, 0, 8, 644.51
1555943574, 8, 278, 821, 488, 0, 2.89%, 0, 0, 8, 700.23
1555943579, 8, 289, 821, 487, 0, 2.89%, 0, 0, 8, 747.45
1555943584, 8, 301, 822, 485, 0, 2.89%, 0, 0, 8, 750.96
1555943589, 8, 312, 822, 481, 0, 2.89%, 0, 0, 8, 705.98
1555943595, 8, 328, 824, 480, 0, 2.89%, 0, 0, 8, 658.79
1555943600, 8, 340, 826, 480, 0, 2.89%, 0, 0, 8, 683.69
1555943605, 8, 349, 829, 483, 0, 2.89%, 0, 0, 8, 498.77
1555943610, 8, 365, 830, 483, 0, 2.89%, 0, 0, 8, 616.61
1555943615, 8, 375, 831, 484, 0, 2.89%, 0, 0, 8, 684.43
1555943620, 8, 395, 832, 483, 0, 2.89%, 0, 0, 8, 645.87
1555943625, 8, 402, 833, 482, 0, 2.89%, 0, 0, 8, 630.76
1555943630, 8, 414, 833, 479, 0, 2.89%, 0, 0, 8, 663.07
1555943636, 8, 722, 834, 478, 1, 2.89%, 0, 0, 8, 620.69
1555943641, 8, 722, 835, 479, 1, 2.89%, 0, 0, 8, 397.16
1555943656, 8, 833, 835, 478, 1, 2.89%, 0, 0, 8, 111.57
1555943676, 8, 835, 836, 478, 1, 2.89%, 0, 0, 8, 306.42
1555943687, 8, 836, 840, 481, 0, 2.89%, 0, 0, 8, 451.84
1555943692, 8, 836, 843, 484, 0, 2.89%, 0, 0, 8, 506.23
1555943702, 8, 840, 843, 483, 1, 2.89%, 0, 0, 8, 454.36
1555943707, 8, 842, 843, 482, 0, 2.89%, 0, 0, 8, 549.99
1555943712, 8, 842, 848, 487, 0, 2.89%, 0, 0, 8, 509.32
1555943717, 8, 842, 849, 488, 0, 2.89%, 0, 0, 8, 527.70
1555943722, 8, 845, 850, 488, 1, 2.89%, 0, 0, 8, 497.57
1555943732, 8, 849, 850, 487, 0, 2.89%, 0, 0, 8, 390.69
1555943742, 8, 854, 857, 493, 1, 2.98%, 0, 0, 8, 621.26
1555943748, 8, 854, 859, 495, 1, 2.98%, 0, 0, 8, 720.99
1555943758, 8, 855, 860, 495, 1, 2.98%, 0, 0, 8, 664.56
1555943763, 8, 859, 861, 495, 1, 2.98%, 0, 0, 8, 710.32
1555943773, 8, 860, 864, 497, 0, 2.98%, 0, 0, 8, 665.13
1555943788, 9, 2, 864, 496, 0, 2.98%, 0, 0, 8, 732.83
1555943793, 9, 14, 864, 492, 0, 2.98%, 0, 0, 8, 684.38
1555943798, 9, 44, 864, 492, 0, 2.98%, 0, 0, 8, 677.80
1555943803, 9, 63, 865, 491, 0, 2.98%, 0, 0, 8, 655.80
1555943809, 9, 86, 865, 489, 0, 2.98%, 0, 0, 8, 652.60
1555943814, 9, 107, 866, 488, 0, 2.98%, 0, 0, 8, 651.41
1555943819, 9, 129, 866, 484, 0, 2.98%, 0, 0, 8, 646.08
1555943824, 9, 138, 870, 486, 0, 2.98%, 0, 0, 8, 576.05
1555943829, 9, 156, 870, 483, 0, 2.98%, 0, 0, 8, 627.21
1555943834, 9, 166, 871, 482, 0, 2.98%, 0, 0, 8, 607.12
1555943839, 9, 177, 871, 479, 0, 2.98%, 0, 0, 8, 616.28
1555943845, 9, 191, 871, 477, 0, 2.98%, 0, 0, 8, 591.23
1555943850, 9, 207, 872, 475, 0, 2.98%, 0, 0, 8, 596.81
1555943855, 9, 223, 872, 472, 0, 2.98%, 0, 0, 8, 674.35
1555943860, 9, 259, 874, 473, 0, 2.98%, 0, 0, 8, 680.49
1555943865, 9, 270, 876, 474, 0, 2.98%, 0, 0, 8, 653.87
1555943870, 9, 276, 877, 474, 0, 2.98%, 0, 0, 8, 628.33
1555943875, 9, 287, 877, 473, 0, 2.98%, 0, 0, 8, 678.33
1555943880, 9, 299, 878, 473, 0, 2.98%, 0, 0, 8, 697.67
1555943885, 9, 339, 878, 469, 0, 2.98%, 0, 0, 8, 734.92
1555943890, 9, 362, 878, 469, 0, 2.98%, 0, 0, 8, 691.04
1555943896, 9, 376, 880, 471, 0, 2.98%, 0, 0, 8, 737.00
1555943901, 9, 393, 881, 471, 0, 2.98%, 0, 0, 8, 702.72
1555943906, 9, 420, 881, 469, 0, 2.98%, 0, 0, 8, 698.62
1555943911, 9, 426, 881, 468, 0, 2.98%, 0, 0, 8, 590.17
1555943916, 9, 654, 883, 469, 2, 2.99%, 0, 0, 8, 643.31
1555943921, 9, 831, 883, 469, 2, 2.99%, 0, 0, 8, 717.46
1555943926, 9, 885, 888, 470, 1, 2.99%, 0, 0, 8, 757.19
1555943931, 9, 885, 893, 475, 1, 3.00%, 0, 0, 8, 735.79
1555943937, 9, 885, 894, 476, 1, 3.00%, 0, 0, 8, 741.35
1555943942, 9, 890, 901, 482, 5, 3.01%, 0, 0, 8, 628.16
1555943947, 9, 899, 910, 488, 2, 3.01%, 0, 0, 8, 514.27
1555943952, 9, 899, 912, 490, 2, 3.01%, 0, 0, 8, 486.30
1555943957, 9, 899, 913, 491, 2, 3.01%, 0, 0, 8, 589.79
1555943962, 9, 903, 913, 489, 0, 3.01%, 0, 0, 8, 705.11
1555943967, 9, 908, 914, 489, 0, 3.01%, 0, 0, 8, 642.38
1555943972, 9, 908, 915, 490, 0, 3.01%, 0, 0, 8, 583.13
1555943988, 9, 914, 917, 491, 1, 3.01%, 0, 0, 8, 613.43
1555943993, 10, 31, 917, 489, 0, 3.01%, 0, 0, 8, 651.97
1555943998, 10, 66, 920, 491, 0, 3.01%, 0, 0, 8, 603.51
1555944003, 10, 115, 920, 490, 0, 3.01%, 0, 0, 8, 611.75
1555944008, 10, 133, 921, 489, 0, 3.01%, 0, 0, 8, 598.84
1555944013, 10, 156, 922, 489, 0, 3.01%, 0, 0, 8, 585.63
1555944018, 10, 178, 922, 488, 0, 3.01%, 0, 0, 8, 573.58
1555944023, 10, 185, 922, 484, 0, 3.01%, 0, 0, 8, 596.70
1555944028, 10, 202, 922, 483, 0, 3.01%, 0, 0, 8, 643.20
1555944034, 10, 217, 922, 483, 0, 3.01%, 0, 0, 8, 621.99
1555944039, 10, 232, 922, 480, 0, 3.01%, 0, 0, 8, 639.67
1555944044, 10, 259, 922, 478, 0, 3.01%, 0, 0, 8, 669.36
1555944049, 10, 278, 922, 477, 0, 3.01%, 0, 0, 8, 642.13
1555944054, 10, 282, 923, 478, 0, 3.01%, 0, 0, 8, 635.83
1555944059, 10, 299, 925, 478, 0, 3.01%, 0, 0, 8, 655.00
1555944064, 10, 309, 925, 477, 0, 3.01%, 0, 0, 8, 646.72
1555944070, 10, 333, 925, 472, 0, 3.01%, 0, 0, 8, 633.62
1555944075, 10, 341, 925, 471, 0, 3.01%, 0, 0, 8, 570.98
1555944080, 10, 343, 925, 471, 0, 3.01%, 0, 0, 8, 611.25
1555944085, 10, 351, 925, 469, 0, 3.01%, 0, 0, 8, 622.91
1555944090, 10, 357, 925, 467, 0, 3.01%, 0, 0, 8, 635.74
1555944095, 10, 375, 925, 465, 0, 3.01%, 0, 0, 8, 707.90
1555944100, 10, 391, 927, 466, 0, 3.01%, 0, 0, 8, 677.38
1555944105, 10, 543, 927, 465, 1, 3.01%, 0, 0, 8, 700.93
1555944110, 10, 926, 929, 465, 1, 3.01%, 0, 0, 8, 726.79
1555944115, 11, 20, 930, 464, 0, 3.01%, 0, 0, 8, 701.87
1555944120, 11, 56, 932, 466, 0, 3.01%, 0, 0, 8, 673.36
1555944125, 11, 98, 933, 466, 0, 3.01%, 0, 0, 8, 648.00
1555944131, 11, 138, 933, 463, 0, 3.01%, 0, 0, 8, 611.08
1555944136, 11, 177, 933, 462, 0, 3.01%, 0, 0, 8, 639.99
1555944141, 11, 491, 935, 463, 1, 3.02%, 0, 0, 8, 557.92
1555944146, 11, 616, 935, 461, 1, 3.02%, 0, 0, 8, 613.91
1555944151, 11, 804, 939, 464, 3, 3.02%, 0, 0, 8, 75.34
1555944166, 11, 851, 939, 463, 3, 3.02%, 0, 0, 8, 420.76
1555944177, 11, 935, 939, 461, 3, 3.02%, 0, 0, 8, 695.45
1555944182, 11, 937, 942, 463, 2, 3.02%, 0, 0, 8, 630.64
1555944187, 11, 938, 948, 468, 2, 3.02%, 0, 0, 8, 683.86
1555944192, 11, 946, 948, 467, 1, 3.02%, 0, 0, 8, 711.08
1555944197, 11, 947, 949, 467, 0, 3.02%, 0, 0, 8, 704.33
1555944202, 12, 10, 949, 465, 0, 3.02%, 0, 0, 8, 584.65
1555944207, 12, 48, 953, 467, 0, 3.02%, 0, 0, 8, 641.05
1555944213, 12, 118, 954, 468, 0, 3.02%, 0, 0, 8, 656.93
1555944218, 12, 138, 954, 466, 0, 3.02%, 0, 0, 8, 573.89
1555944223, 12, 156, 954, 465, 0, 3.02%, 0, 0, 8, 571.77
1555944228, 12, 184, 954, 465, 0, 3.02%, 0, 0, 8, 558.73
1555944233, 12, 206, 954, 464, 0, 3.02%, 0, 0, 8, 623.70
1555944238, 12, 229, 956, 464, 0, 3.02%, 0, 0, 8, 667.07
1555944243, 12, 259, 956, 463, 0, 3.02%, 0, 0, 8, 707.28
1555944248, 12, 280, 958, 464, 0, 3.02%, 0, 0, 8, 692.99
1555944253, 12, 299, 958, 463, 0, 3.02%, 0, 0, 8, 699.59
1555944258, 12, 331, 958, 462, 0, 3.02%, 0, 0, 8, 673.98
1555944263, 12, 342, 958, 461, 0, 3.02%, 0, 0, 8, 661.89
1555944268, 12, 365, 959, 461, 0, 3.02%, 0, 0, 8, 673.91
1555944273, 12, 391, 959, 461, 0, 3.02%, 0, 0, 8, 675.48
1555944279, 12, 420, 959, 460, 0, 3.02%, 0, 0, 8, 650.39
1555944284, 12, 442, 959, 458, 0, 3.02%, 0, 0, 8, 651.92
1555944289, 12, 446, 959, 455, 0, 3.02%, 0, 0, 8, 402.67
1555944294, 12, 459, 959, 455, 0, 3.02%, 0, 0, 8, 627.84
1555944299, 12, 468, 959, 454, 0, 3.02%, 0, 0, 8, 662.32
1555944304, 12, 477, 959, 454, 0, 3.02%, 0, 0, 8, 711.67
1555944309, 12, 484, 959, 453, 0, 3.02%, 0, 0, 8, 659.19
1555944314, 12, 496, 960, 452, 0, 3.02%, 0, 0, 8, 627.14
1555944319, 12, 516, 962, 454, 0, 3.02%, 0, 0, 8, 663.83
1555944325, 12, 522, 962, 452, 0, 3.02%, 0, 0, 8, 700.57
1555944330, 12, 528, 963, 452, 0, 3.02%, 0, 0, 8, 641.78
1555944340, 12, 537, 963, 450, 0, 3.02%, 0, 0, 8, 636.51
1555944345, 12, 542, 963, 448, 0, 3.02%, 0, 0, 8, 578.84
1555944350, 12, 560, 963, 446, 0, 3.02%, 0, 0, 8, 645.38
1555944355, 12, 575, 963, 443, 0, 3.02%, 0, 0, 8, 621.04
1555944360, 12, 575, 965, 445, 0, 3.02%, 0, 0, 8, 417.97
1555944365, 12, 584, 965, 445, 0, 3.02%, 0, 0, 8, 627.65
1555944370, 12, 725, 966, 444, 1, 3.03%, 0, 0, 8, 640.11
1555944385, 13, 30, 966, 442, 0, 3.03%, 0, 0, 8, 638.42
1555944391, 13, 51, 966, 442, 0, 3.03%, 0, 0, 8, 619.15
1555944396, 13, 106, 966, 441, 0, 3.03%, 0, 0, 8, 618.56
1555944401, 13, 142, 966, 439, 0, 3.03%, 0, 0, 8, 647.78
1555944406, 13, 189, 966, 438, 0, 3.03%, 0, 0, 8, 626.46
1555944411, 13, 212, 966, 436, 0, 3.03%, 0, 0, 8, 640.40
1555944416, 13, 275, 966, 434, 0, 3.03%, 0, 0, 8, 647.18
1555944421, 13, 289, 966, 434, 0, 3.03%, 0, 0, 8, 662.98
1555944426, 13, 306, 966, 433, 0, 3.03%, 0, 0, 8, 672.53
1555944431, 13, 342, 966, 432, 0, 3.03%, 0, 0, 8, 691.18
1555944436, 13, 351, 966, 431, 0, 3.03%, 0, 0, 8, 640.91
1555944441, 13, 377, 966, 431, 0, 3.03%, 0, 0, 8, 665.54
1555944447, 13, 391, 966, 429, 0, 3.03%, 0, 0, 8, 649.10
1555944452, 13, 415, 966, 427, 0, 3.03%, 0, 0, 8, 661.93
1555944457, 13, 421, 967, 427, 0, 3.03%, 0, 0, 8, 675.03
1555944462, 13, 446, 967, 424, 0, 3.03%, 0, 0, 8, 642.03
1555944467, 13, 462, 967, 424, 0, 3.03%, 0, 0, 8, 694.80
1555944472, 13, 473, 967, 423, 0, 3.03%, 0, 0, 8, 693.80
1555944477, 13, 482, 967, 423, 0, 3.03%, 0, 0, 8, 234.94
1555944482, 13, 496, 967, 420, 0, 3.03%, 0, 0, 8, 596.70
1555944487, 13, 503, 967, 419, 0, 3.03%, 0, 0, 8, 614.43
1555944493, 13, 516, 967, 419, 0, 3.03%, 0, 0, 8, 690.83
1555944498, 13, 532, 967, 418, 0, 3.03%, 0, 0, 8, 624.04
1555944503, 13, 542, 967, 416, 0, 3.03%, 0, 0, 8, 659.09
1555944508, 13, 546, 967, 415, 0, 3.03%, 0, 0, 8, 614.30
1555944513, 13, 612, 968, 413, 1, 3.03%, 0, 0, 8, 619.36
1555944518, 13, 760, 968, 412, 1, 3.03%, 0, 0, 8, 524.01
1555944533, 13, 879, 968, 411, 1, 3.03%, 0, 0, 8, 556.44
1555944539, 13, 946, 968, 410, 1, 3.03%, 0, 0, 8, 667.37
1555944544, 14, 8, 969, 410, 0, 3.03%, 0, 0, 8, 667.00
1555944549, 14, 48, 969, 409, 0, 3.03%, 0, 0, 8, 690.94
1555944554, 14, 86, 971, 411, 0, 3.03%, 0, 0, 8, 652.98
1555944559, 14, 149, 971, 410, 0, 3.03%, 0, 0, 8, 659.51
1555944564, 14, 190, 971, 410, 0, 3.03%, 0, 0, 8, 613.59
1555944569, 14, 241, 971, 409, 0, 3.03%, 0, 0, 8, 622.59
1555944574, 14, 259, 971, 408, 0, 3.03%, 0, 0, 8, 614.96
1555944579, 14, 268, 971, 408, 0, 3.03%, 0, 0, 8, 635.04
1555944584, 14, 289, 971, 408, 0, 3.03%, 0, 0, 8, 648.02
1555944590, 14, 300, 971, 408, 0, 3.03%, 0, 0, 8, 635.54
1555944595, 14, 339, 971, 407, 0, 3.03%, 0, 0, 8, 684.49
1555944600, 14, 370, 971, 407, 0, 3.03%, 0, 0, 8, 686.89
1555944605, 14, 391, 971, 407, 0, 3.03%, 0, 0, 8, 662.69
1555944610, 14, 420, 971, 406, 0, 3.03%, 0, 0, 8, 696.88
1555944615, 14, 442, 971, 405, 0, 3.03%, 0, 0, 8, 668.20
1555944621, 14, 461, 971, 405, 0, 3.03%, 0, 0, 8, 623.31
1555944626, 14, 557, 972, 406, 1, 3.03%, 0, 0, 8, 668.45
1555944631, 14, 751, 972, 405, 1, 3.03%, 0, 0, 8, 342.08
1555944651, 14, 766, 972, 404, 1, 3.03%, 0, 0, 8, 331.69
1555944667, 14, 788, 972, 403, 1, 3.03%, 0, 0, 8, 413.88
1555944672, 14, 874, 972, 402, 1, 3.03%, 0, 0, 8, 353.96
1555944692, 14, 879, 973, 402, 1, 3.03%, 0, 0, 8, 637.76
1555944697, 14, 895, 973, 402, 1, 3.03%, 0, 0, 8, 641.44
1555944702, 14, 971, 973, 401, 1, 3.03%, 0, 0, 8, 680.02
1555944707, 15, 28, 973, 400, 0, 3.03%, 0, 0, 8, 637.58
1555944713, 15, 65, 973, 400, 0, 3.03%, 0, 0, 8, 647.33
1555944718, 15, 133, 974, 401, 0, 3.03%, 0, 0, 8, 612.90
1555944723, 15, 145, 974, 401, 0, 3.03%, 0, 0, 8, 634.66
1555944728, 15, 186, 974, 401, 0, 3.03%, 0, 0, 8, 621.39
1555944733, 15, 206, 974, 400, 0, 3.03%, 0, 0, 8, 586.22
1555944738, 15, 238, 974, 400, 0, 3.03%, 0, 0, 8, 632.90
1555944743, 15, 267, 974, 399, 0, 3.03%, 0, 0, 8, 623.10
1555944748, 15, 278, 974, 399, 0, 3.03%, 0, 0, 8, 678.00
1555944753, 15, 298, 974, 398, 0, 3.03%, 0, 0, 8, 683.08
1555944758, 15, 340, 974, 397, 0, 3.03%, 0, 0, 8, 726.74
1555944763, 15, 353, 974, 397, 0, 3.03%, 0, 0, 8, 678.64
1555944768, 15, 365, 975, 397, 0, 3.03%, 0, 0, 8, 652.49
1555944773, 15, 387, 975, 397, 0, 3.03%, 0, 0, 8, 713.00
1555944779, 15, 403, 976, 398, 0, 3.03%, 0, 0, 8, 697.03
1555944784, 15, 418, 976, 396, 0, 3.03%, 0, 0, 8, 684.60
1555944789, 15, 446, 976, 396, 0, 3.03%, 0, 0, 8, 656.59
1555944794, 15, 466, 977, 397, 0, 3.03%, 0, 0, 8, 668.05
1555944799, 15, 476, 977, 397, 0, 3.03%, 0, 0, 8, 707.93
1555944804, 15, 502, 977, 396, 0, 3.03%, 0, 0, 8, 729.72
1555944809, 15, 515, 977, 395, 0, 3.03%, 0, 0, 8, 713.89
1555944814, 15, 530, 977, 394, 0, 3.03%, 0, 0, 8, 698.52
1555944819, 15, 541, 977, 393, 0, 3.03%, 0, 0, 8, 646.66
1555944824, 15, 546, 977, 392, 0, 3.03%, 0, 0, 8, 661.05
1555944829, 15, 558, 977, 390, 0, 3.03%, 0, 0, 8, 690.56
1555944834, 15, 566, 978, 389, 0, 3.03%, 0, 0, 8, 695.52
1555944840, 15, 572, 978, 387, 0, 3.03%, 0, 0, 8, 707.53
1555944845, 15, 573, 978, 386, 0, 3.03%, 0, 0, 8, 627.97
1555944850, 15, 575, 978, 385, 0, 3.03%, 0, 0, 8, 683.61
1555944855, 15, 582, 978, 385, 0, 3.03%, 0, 0, 8, 593.63
1555944860, 15, 583, 979, 385, 0, 3.03%, 0, 0, 8, 646.54
1555944865, 15, 657, 980, 385, 1, 3.03%, 0, 0, 8, 628.36
1555944875, 15, 682, 981, 385, 1, 3.03%, 0, 0, 8, 526.31
1555944885, 15, 829, 981, 384, 1, 3.03%, 0, 0, 8, 423.89
1555944906, 15, 852, 981, 383, 1, 3.03%, 0, 0, 8, 531.58
1555944911, 15, 896, 981, 382, 1, 3.03%, 0, 0, 8, 309.56
1555944916, 15, 904, 981, 381, 1, 3.03%, 0, 0, 8, 461.60
1555944926, 15, 907, 981, 380, 1, 3.03%, 0, 0, 8, 351.04
1555944936, 15, 914, 981, 379, 1, 3.03%, 0, 0, 8, 536.07
1555944941, 15, 979, 981, 378, 1, 3.03%, 0, 0, 8, 712.54
1555944957, 15, 980, 982, 378, 0, 3.03%, 0, 0, 8, 688.60
1555944962, 15, 982, 984, 379, 1, 3.03%, 0, 0, 8, 730.18
1555944967, 15, 982, 988, 383, 1, 3.03%, 0, 0, 8, 559.70
1555944972, 15, 983, 994, 388, 1, 3.03%, 0, 0, 8, 651.99
1555944977, 15, 988, 994, 387, 0, 3.03%, 0, 0, 8, 632.48
1555944982, 15, 988, 996, 389, 0, 3.03%, 0, 0, 8, 568.15
1555944987, 15, 988, 997, 390, 0, 3.05%, 0, 0, 8, 612.87
1555944992, 15, 996, 998, 390, 1, 3.05%, 0, 0, 8, 622.94
1555945003, 16, 26, 999, 390, 0, 3.05%, 0, 0, 8, 584.47
1555945008, 16, 66, 999, 389, 0, 3.05%, 0, 0, 8, 622.34
1555945013, 16, 107, 999, 389, 0, 3.05%, 0, 0, 8, 606.40
1555945018, 16, 156, 999, 388, 0, 3.05%, 0, 0, 8, 590.06
1555945023, 16, 185, 999, 388, 0, 3.05%, 0, 0, 8, 619.46
1555945028, 16, 234, 999, 387, 0, 3.05%, 0, 0, 8, 674.19
1555945033, 16, 267, 999, 386, 0, 3.05%, 0, 0, 8, 679.44
1555945038, 16, 287, 999, 385, 0, 3.05%, 0, 0, 8, 697.37
1555945043, 16, 298, 999, 385, 0, 3.05%, 0, 0, 8, 692.18
1555945048, 16, 340, 999, 385, 0, 3.05%, 0, 0, 8, 652.71
1555945053, 16, 349, 999, 385, 0, 3.05%, 0, 0, 8, 399.88
1555945058, 16, 366, 999, 383, 0, 3.05%, 0, 0, 8, 611.77
1555945064, 16, 388, 999, 382, 0, 3.05%, 0, 0, 8, 671.94
1555945069, 16, 418, 999, 381, 0, 3.05%, 0, 0, 8, 651.68
1555945074, 16, 446, 999, 381, 0, 3.05%, 0, 0, 8, 686.61
1555945079, 16, 464, 999, 381, 0, 3.05%, 0, 0, 8, 702.84
1555945084, 16, 469, 1000, 381, 0, 3.05%, 0, 0, 8, 665.84
1555945089, 16, 480, 1001, 382, 0, 3.05%, 0, 0, 8, 682.40
1555945094, 16, 493, 1001, 380, 0, 3.05%, 0, 0, 8, 706.71
1555945100, 16, 506, 1001, 379, 0, 3.05%, 0, 0, 8, 670.66
1555945105, 16, 509, 1001, 378, 0, 3.05%, 0, 0, 8, 599.77
1555945110, 16, 522, 1001, 377, 0, 3.05%, 0, 0, 8, 678.43
1555945115, 16, 539, 1001, 375, 0, 3.05%, 0, 0, 8, 630.49
1555945120, 16, 547, 1001, 374, 0, 3.05%, 0, 0, 8, 604.31
1555945125, 16, 575, 1001, 374, 0, 3.05%, 0, 0, 8, 680.21
1555945130, 16, 581, 1001, 374, 0, 3.05%, 0, 0, 8, 666.28
1555945135, 16, 604, 1001, 373, 0, 3.05%, 0, 0, 8, 614.16
1555945140, 16, 606, 1001, 372, 0, 3.05%, 0, 0, 8, 613.82
1555945145, 16, 609, 1001, 371, 0, 3.05%, 0, 0, 8, 583.03
1555945150, 16, 620, 1001, 370, 0, 3.05%, 0, 0, 8, 659.37
1555945155, 16, 622, 1001, 369, 0, 3.05%, 0, 0, 8, 696.85
1555945160, 16, 623, 1002, 370, 0, 3.05%, 0, 0, 8, 633.66
1555945165, 16, 626, 1002, 370, 0, 3.05%, 0, 0, 8, 606.39
1555945170, 16, 628, 1002, 369, 0, 3.05%, 0, 0, 8, 693.59
1555945181, 16, 631, 1002, 368, 0, 3.05%, 0, 0, 8, 565.70
1555945186, 16, 638, 1002, 366, 0, 3.05%, 0, 0, 8, 642.21
1555945191, 16, 639, 1002, 365, 0, 3.05%, 0, 0, 8, 637.54
1555945196, 16, 639, 1003, 366, 0, 3.05%, 0, 0, 8, 690.91
1555945201, 16, 643, 1003, 365, 0, 3.05%, 0, 0, 8, 698.23
1555945206, 16, 645, 1003, 365, 0, 3.05%, 0, 0, 8, 640.60
1555945216, 16, 646, 1003, 364, 0, 3.05%, 0, 0, 8, 694.15
1555945221, 16, 651, 1003, 364, 0, 3.05%, 0, 0, 8, 723.53
1555945226, 16, 652, 1003, 364, 0, 3.05%, 0, 0, 8, 739.06
1555945236, 16, 654, 1003, 363, 0, 3.05%, 0, 0, 8, 690.56
1555945246, 16, 666, 1003, 363, 0, 3.05%, 0, 0, 8, 705.13
1555945251, 16, 668, 1003, 362, 0, 3.05%, 0, 0, 8, 617.83
1555945257, 16, 670, 1003, 361, 0, 3.05%, 0, 0, 8, 552.39
1555945267, 16, 678, 1003, 360, 0, 3.05%, 0, 0, 8, 678.23
1555945277, 16, 679, 1003, 359, 0, 3.05%, 0, 0, 8, 685.99
1555945287, 16, 681, 1003, 358, 0, 3.05%, 0, 0, 8, 599.78
1555945297, 16, 681, 1004, 359, 0, 3.05%, 0, 0, 8, 484.66
1555945302, 16, 684, 1005, 359, 0, 3.05%, 0, 0, 8, 572.81
1555945308, 16, 690, 1005, 359, 0, 3.05%, 0, 0, 8, 541.66
1555945313, 16, 700, 1005, 358, 0, 3.05%, 0, 0, 8, 379.50
1555945318, 16, 703, 1005, 357, 0, 3.05%, 0, 0, 8, 457.94
1555945323, 16, 947, 1006, 357, 1, 3.05%, 0, 0, 8, 550.18
1555945328, 16, 964, 1006, 357, 1, 3.05%, 0, 0, 8, 462.11
1555945359, 17, 10, 1006, 355, 0, 3.05%, 0, 0, 8, 635.50
1555945364, 17, 48, 1006, 355, 0, 3.05%, 0, 0, 8, 664.25
1555945369, 17, 100, 1006, 355, 0, 3.05%, 0, 0, 8, 650.19
1555945374, 17, 156, 1006, 355, 0, 3.05%, 0, 0, 8, 631.31
1555945379, 17, 204, 1007, 356, 0, 3.05%, 0, 0, 8, 638.57
1555945384, 17, 235, 1007, 356, 0, 3.05%, 0, 0, 8, 642.88
1555945389, 17, 267, 1007, 356, 0, 3.05%, 0, 0, 8, 622.62
1555945394, 17, 289, 1007, 356, 0, 3.05%, 0, 0, 8, 681.27
1555945399, 17, 306, 1007, 356, 0, 3.05%, 0, 0, 8, 668.06
1555945405, 17, 340, 1007, 356, 0, 3.05%, 0, 0, 8, 663.62
1555945410, 17, 363, 1007, 356, 0, 3.05%, 0, 0, 8, 692.66
1555945415, 17, 388, 1007, 356, 0, 3.05%, 0, 0, 8, 683.54
1555945420, 17, 415, 1008, 356, 0, 3.05%, 0, 0, 8, 623.31
1555945425, 17, 430, 1008, 356, 0, 3.05%, 0, 0, 8, 669.60
1555945430, 17, 457, 1008, 353, 0, 3.05%, 0, 0, 8, 713.76
1555945435, 17, 465, 1008, 353, 0, 3.05%, 0, 0, 8, 708.96
1555945440, 17, 475, 1008, 353, 0, 3.05%, 0, 0, 8, 687.51
1555945445, 17, 494, 1008, 353, 0, 3.05%, 0, 0, 8, 687.94
1555945450, 17, 511, 1009, 353, 0, 3.05%, 0, 0, 8, 640.22
1555945455, 17, 516, 1011, 355, 0, 3.05%, 0, 0, 8, 654.40
1555945460, 17, 520, 1011, 354, 0, 3.05%, 0, 0, 8, 594.55
1555945466, 17, 523, 1011, 353, 0, 3.05%, 0, 0, 8, 600.63
1555945471, 17, 554, 1011, 352, 0, 3.05%, 0, 0, 8, 675.98
1555945476, 17, 575, 1011, 349, 0, 3.05%, 0, 0, 8, 702.72
1555945481, 17, 587, 1011, 349, 0, 3.05%, 0, 0, 8, 575.61
1555945486, 17, 600, 1011, 348, 0, 3.05%, 0, 0, 8, 604.12
1555945491, 17, 605, 1011, 347, 0, 3.05%, 0, 0, 8, 573.88
1555945496, 17, 609, 1011, 346, 0, 3.05%, 0, 0, 8, 586.67
1555945501, 17, 610, 1011, 346, 0, 3.05%, 0, 0, 8, 572.97
1555945506, 17, 622, 1011, 344, 0, 3.05%, 0, 0, 8, 681.43
1555945511, 17, 625, 1011, 344, 0, 3.05%, 0, 0, 8, 678.43
1555945517, 17, 643, 1011, 343, 0, 3.05%, 0, 0, 8, 671.95
1555945527, 17, 646, 1012, 344, 0, 3.05%, 0, 0, 8, 611.69
1555945532, 17, 648, 1012, 344, 0, 3.05%, 0, 0, 8, 593.72
1555945547, 17, 649, 1012, 343, 0, 3.05%, 0, 0, 8, 625.63
1555945557, 17, 650, 1012, 342, 0, 3.05%, 0, 0, 8, 675.57
1555945572, 17, 654, 1012, 341, 0, 3.05%, 0, 0, 8, 654.87
1555945577, 17, 659, 1012, 341, 0, 3.05%, 0, 0, 8, 674.05
1555945583, 17, 667, 1012, 340, 0, 3.05%, 0, 0, 8, 659.10
1555945588, 17, 668, 1012, 339, 0, 3.05%, 0, 0, 8, 652.92
1555945593, 17, 669, 1012, 339, 0, 3.05%, 0, 0, 8, 758.49
1555945598, 17, 679, 1012, 337, 0, 3.05%, 0, 0, 8, 703.22
1555945603, 17, 680, 1012, 337, 0, 3.05%, 0, 0, 8, 639.16
1555945613, 17, 691, 1012, 336, 0, 3.05%, 0, 0, 8, 549.95
1555945618, 17, 701, 1012, 335, 0, 3.05%, 0, 0, 8, 448.72
1555945623, 17, 702, 1012, 334, 0, 3.05%, 0, 0, 8, 487.32
1555945628, 17, 706, 1012, 333, 0, 3.05%, 0, 0, 8, 121.52
1555945644, 17, 714, 1012, 332, 0, 3.05%, 0, 0, 8, 599.27
1555945649, 17, 717, 1012, 332, 0, 3.05%, 0, 0, 8, 567.69
1555945654, 17, 724, 1012, 332, 0, 3.05%, 0, 0, 8, 635.44
1555945664, 17, 728, 1012, 331, 0, 3.05%, 0, 0, 8, 638.75
1555945669, 17, 733, 1012, 330, 0, 3.05%, 0, 0, 8, 692.38
1555945674, 17, 738, 1012, 329, 0, 3.05%, 0, 0, 8, 399.72
1555945679, 17, 740, 1012, 328, 0, 3.05%, 0, 0, 8, 440.83
1555945684, 17, 749, 1013, 328, 0, 3.05%, 0, 0, 8, 507.72
1555945705, 17, 753, 1013, 327, 0, 3.05%, 0, 0, 8, 129.97
1555945725, 17, 762, 1013, 326, 0, 3.05%, 0, 0, 8, 303.52
1555945735, 17, 763, 1013, 325, 0, 3.05%, 0, 0, 8, 324.27
1555945751, 17, 767, 1013, 324, 0, 3.05%, 0, 0, 8, 328.60
1555945761, 17, 770, 1013, 323, 0, 3.05%, 0, 0, 8, 369.06
1555945781, 17, 779, 1013, 322, 0, 3.05%, 0, 0, 8, 435.80
1555945792, 17, 797, 1013, 320, 0, 3.05%, 0, 0, 8, 511.29
1555945807, 17, 809, 1013, 318, 0, 3.05%, 0, 0, 8, 662.50
1555945812, 17, 811, 1013, 317, 0, 3.05%, 0, 0, 8, 455.35
1555945828, 17, 823, 1013, 315, 0, 3.05%, 0, 0, 8, 143.19
1555945838, 17, 824, 1013, 314, 0, 3.05%, 0, 0, 8, 507.23
1555945848, 17, 827, 1013, 312, 0, 3.05%, 0, 0, 8, 741.18
1555945853, 17, 828, 1013, 311, 0, 3.05%, 0, 0, 8, 503.40
1555945863, 17, 844, 1013, 310, 0, 3.05%, 0, 0, 8, 117.10
1555945868, 17, 845, 1013, 309, 0, 3.05%, 0, 0, 8, 450.00
1555945873, 17, 847, 1013, 309, 0, 3.05%, 0, 0, 8, 512.34
1555945884, 17, 848, 1014, 309, 0, 3.05%, 0, 0, 8, 396.86
1555945894, 17, 854, 1014, 308, 0, 3.05%, 0, 0, 8, 624.28
1555945899, 17, 857, 1014, 308, 0, 3.05%, 0, 0, 8, 577.76
1555945904, 17, 859, 1014, 307, 0, 3.05%, 0, 0, 8, 654.14
1555945909, 17, 863, 1015, 308, 0, 3.05%, 0, 0, 8, 675.35
1555945920, 17, 864, 1015, 307, 0, 3.05%, 0, 0, 8, 373.76
1555945935, 17, 870, 1015, 306, 0, 3.05%, 0, 0, 8, 498.44
1555945945, 17, 876, 1015, 305, 0, 3.05%, 0, 0, 8, 292.77
1555945966, 17, 881, 1015, 304, 0, 3.05%, 0, 0, 8, 475.04
1555945971, 17, 883, 1015, 304, 0, 3.05%, 0, 0, 8, 561.37
1555945976, 17, 884, 1015, 303, 0, 3.05%, 0, 0, 8, 609.35
1555945981, 17, 885, 1015, 303, 0, 3.05%, 0, 0, 8, 654.67
1555945986, 17, 893, 1015, 303, 0, 3.05%, 0, 0, 8, 684.76
1555945991, 17, 898, 1015, 303, 0, 3.05%, 0, 0, 8, 493.46
1555945996, 17, 899, 1015, 302, 0, 3.05%, 0, 0, 8, 552.61
1555946001, 17, 900, 1015, 302, 0, 3.05%, 0, 0, 8, 577.42
1555946006, 17, 902, 1015, 301, 0, 3.05%, 0, 0, 8, 672.13
1555946016, 17, 912, 1015, 300, 0, 3.05%, 0, 0, 8, 554.91
1555946037, 17, 917, 1015, 299, 0, 3.05%, 0, 0, 8, 581.02
1555946047, 17, 918, 1015, 298, 0, 3.05%, 0, 0, 8, 568.11
1555946052, 17, 925, 1015, 297, 0, 3.05%, 0, 0, 8, 427.77
1555946062, 17, 937, 1015, 296, 0, 3.05%, 0, 0, 8, 590.77
1555946067, 17, 938, 1015, 296, 0, 3.05%, 0, 0, 8, 589.30
1555946072, 17, 1015, 1016, 297, 1, 3.05%, 0, 0, 8, 698.30
1555946078, 18, 48, 1017, 297, 0, 3.05%, 0, 0, 8, 651.71
1555946083, 18, 120, 1017, 297, 0, 3.05%, 0, 0, 8, 657.76
1555946088, 18, 156, 1017, 297, 0, 3.05%, 0, 0, 8, 664.56
1555946093, 18, 196, 1017, 297, 0, 3.05%, 0, 0, 8, 666.88
1555946098, 18, 259, 1017, 296, 0, 3.05%, 0, 0, 8, 685.47
1555946103, 18, 293, 1017, 295, 0, 3.05%, 0, 0, 8, 717.11
1555946108, 18, 311, 1017, 295, 0, 3.05%, 0, 0, 8, 695.93
1555946113, 18, 340, 1017, 294, 0, 3.05%, 0, 0, 8, 646.14
1555946118, 18, 343, 1017, 294, 0, 3.05%, 0, 0, 8, 668.32
1555946123, 18, 366, 1017, 293, 0, 3.05%, 0, 0, 8, 648.82
1555946128, 18, 391, 1017, 293, 0, 3.05%, 0, 0, 8, 670.65
1555946133, 18, 418, 1017, 293, 0, 3.05%, 0, 0, 8, 648.60
1555946138, 18, 445, 1017, 293, 0, 3.05%, 0, 0, 8, 671.17
1555946144, 18, 461, 1018, 294, 0, 3.05%, 0, 0, 8, 708.79
1555946149, 18, 474, 1018, 294, 0, 3.05%, 0, 0, 8, 725.86
1555946154, 18, 505, 1018, 294, 0, 3.05%, 0, 0, 8, 691.00
1555946159, 18, 512, 1018, 293, 0, 3.05%, 0, 0, 8, 700.47
1555946164, 18, 516, 1018, 292, 0, 3.05%, 0, 0, 8, 704.10
1555946169, 18, 528, 1018, 292, 0, 3.05%, 0, 0, 8, 648.36
1555946174, 18, 533, 1018, 292, 0, 3.05%, 0, 0, 8, 105.26
1555946179, 18, 560, 1018, 291, 0, 3.05%, 0, 0, 8, 694.81
1555946184, 18, 579, 1018, 291, 0, 3.05%, 0, 0, 8, 701.50
1555946189, 18, 580, 1018, 290, 0, 3.05%, 0, 0, 8, 686.55
1555946194, 18, 602, 1018, 288, 0, 3.05%, 0, 0, 8, 669.86
1555946199, 18, 621, 1018, 286, 0, 3.05%, 0, 0, 8, 659.75
1555946205, 18, 622, 1018, 285, 0, 3.05%, 0, 0, 8, 624.79
1555946210, 18, 624, 1018, 285, 0, 3.05%, 0, 0, 8, 649.17
1555946215, 18, 629, 1018, 284, 0, 3.05%, 0, 0, 8, 621.96
1555946225, 18, 636, 1018, 283, 0, 3.05%, 0, 0, 8, 679.57
1555946230, 18, 642, 1018, 282, 0, 3.05%, 0, 0, 8, 724.56
1555946235, 18, 643, 1018, 281, 0, 3.05%, 0, 0, 8, 723.07
1555946240, 18, 646, 1018, 281, 0, 3.05%, 0, 0, 8, 698.97
1555946245, 18, 654, 1018, 281, 0, 3.05%, 0, 0, 8, 696.32
1555946250, 18, 661, 1018, 281, 0, 3.05%, 0, 0, 8, 643.67
1555946261, 18, 663, 1018, 280, 0, 3.05%, 0, 0, 8, 598.68
1555946266, 18, 675, 1018, 279, 0, 3.05%, 0, 0, 8, 679.36
1555946276, 18, 681, 1018, 278, 0, 3.05%, 0, 0, 8, 605.78
1555946281, 18, 686, 1018, 278, 0, 3.05%, 0, 0, 8, 581.70
1555946286, 18, 694, 1018, 276, 0, 3.05%, 0, 0, 8, 632.64
1555946291, 18, 698, 1018, 275, 0, 3.05%, 0, 0, 8, 589.17
1555946301, 18, 708, 1018, 274, 0, 3.05%, 0, 0, 8, 508.79
1555946306, 18, 709, 1018, 273, 0, 3.05%, 0, 0, 8, 439.75
1555946311, 18, 710, 1018, 272, 0, 3.05%, 0, 0, 8, 568.18
1555946316, 18, 714, 1018, 271, 0, 3.05%, 0, 0, 8, 692.11
1555946322, 18, 717, 1018, 271, 0, 3.05%, 0, 0, 8, 692.54
1555946327, 18, 721, 1018, 271, 0, 3.05%, 0, 0, 8, 669.45
1555946332, 18, 721, 1019, 272, 0, 3.05%, 0, 0, 8, 610.01
1555946342, 18, 730, 1019, 270, 0, 3.05%, 0, 0, 8, 486.13
1555946347, 18, 737, 1019, 269, 0, 3.05%, 0, 0, 8, 385.14
1555946352, 18, 739, 1019, 268, 0, 3.05%, 0, 0, 8, 400.19
1555946363, 18, 743, 1019, 267, 0, 3.05%, 0, 0, 8, 484.88
1555946368, 18, 750, 1019, 267, 0, 3.05%, 0, 0, 8, 220.43
1555946378, 18, 752, 1019, 266, 0, 3.05%, 0, 0, 8, 265.55
1555946393, 18, 765, 1019, 265, 0, 3.05%, 0, 0, 8, 363.95
1555946404, 18, 769, 1019, 264, 0, 3.05%, 0, 0, 8, 373.81
1555946409, 18, 773, 1019, 263, 0, 3.05%, 0, 0, 8, 554.14
1555946419, 18, 790, 1019, 262, 0, 3.05%, 0, 0, 8, 542.77
