# unix_time, cycles_done, cur_path, paths_total, pending_total, pending_favs, map_size, unique_crashes, unique_hangs, max_depth, execs_per_sec
1555924788, 0, 0, 8, 8, 1, 0.28%, 0, 0, 1, 576.58
1555924793, 0, 4, 57, 57, 1, 0.61%, 0, 0, 2, 111.65
1555924798, 0, 4, 74, 74, 1, 0.65%, 0, 0, 2, 595.82
1555924803, 0, 4, 86, 86, 1, 0.65%, 0, 0, 2, 586.70
1555924808, 0, 4, 87, 87, 1, 0.65%, 0, 0, 2, 586.76
1555924814, 0, 4, 89, 89, 1, 0.65%, 0, 0, 2, 585.97
1555924819, 0, 4, 94, 94, 1, 0.65%, 0, 0, 2, 588.18
1555924824, 0, 4, 95, 95, 1, 0.65%, 0, 0, 2, 604.36
1555924829, 0, 4, 98, 98, 1, 0.66%, 0, 0, 2, 609.67
1555924834, 0, 4, 101, 101, 1, 0.70%, 0, 0, 2, 590.97
1555924839, 0, 4, 102, 102, 1, 0.70%, 0, 0, 2, 590.52
1555924845, 0, 4, 108, 108, 1, 0.70%, 0, 0, 2, 591.97
1555924850, 0, 12, 109, 107, 19, 0.70%, 0, 0, 2, 591.93
1555924855, 0, 12, 111, 109, 19, 0.71%, 0, 0, 3, 586.63
1555924860, 0, 12, 113, 111, 19, 0.71%, 0, 0, 3, 591.01
1555924865, 0, 12, 115, 113, 19, 0.71%, 0, 0, 3, 586.94
1555924870, 0, 12, 117, 115, 19, 0.72%, 0, 0, 3, 586.55
1555924881, 0, 12, 119, 117, 19, 0.72%, 0, 0, 3, 587.28
1555924886, 0, 12, 124, 122, 19, 0.72%, 0, 0, 3, 588.49
1555924891, 0, 12, 125, 123, 19, 0.72%, 0, 0, 3, 588.85
1555924896, 0, 12, 126, 124, 19, 0.72%, 0, 0, 3, 588.31
1555924911, 0, 18, 127, 123, 22, 0.72%, 0, 0, 3, 605.45
1555924917, 0, 38, 127, 122, 21, 0.72%, 0, 0, 3, 600.65
1555924922, 0, 45, 128, 122, 20, 0.72%, 0, 0, 3, 588.43
1555924927, 0, 53, 129, 122, 19, 0.72%, 0, 0, 3, 584.43
1555924932, 0, 61, 142, 134, 18, 0.79%, 0, 0, 3, 580.86
1555924937, 0, 61, 147, 139, 18, 0.89%, 0, 0, 3, 583.77
1555924942, 0, 61, 153, 145, 18, 0.91%, 0, 0, 3, 598.77
1555924947, 0, 61, 156, 148, 18, 0.91%, 0, 0, 3, 593.92
1555924952, 0, 61, 158, 150, 18, 0.91%, 0, 0, 3, 588.57
1555924957, 0, 61, 159, 151, 18, 0.91%, 0, 0, 3, 590.29
1555924963, 0, 61, 162, 154, 18, 0.91%, 0, 0, 3, 578.04
1555924973, 0, 61, 163, 155, 18, 0.91%, 0, 0, 3, 578.02
1555924978, 0, 61, 164, 156, 18, 0.91%, 0, 0, 3, 580.79
1555924983, 0, 61, 165, 157, 18, 0.91%, 0, 0, 3, 595.21
1555924988, 0, 64, 166, 157, 30, 0.91%, 0, 0, 3, 595.97
1555924994, 0, 70, 167, 157, 29, 0.91%, 0, 0, 3, 596.70
1555924999, 0, 78, 168, 157, 28, 0.91%, 0, 0, 3, 593.77
1555925004, 0, 78, 169, 158, 28, 0.91%, 0, 0, 3, 592.84
1555925009, 0, 85, 169, 157, 28, 0.91%, 0, 0, 3, 590.73
1555925014, 0, 87, 170, 157, 27, 0.91%, 0, 0, 3, 590.04
1555925019, 0, 92, 170, 156, 26, 0.91%, 0, 0, 3, 589.17
1555925024, 0, 92, 171, 157, 26, 0.91%, 0, 0, 3, 593.10
1555925029, 0, 92, 174, 160, 26, 0.91%, 0, 0, 3, 583.54
1555925034, 0, 92, 176, 162, 26, 0.91%, 0, 0, 3, 585.24
1555925045, 0, 92, 178, 164, 26, 0.92%, 0, 0, 3, 565.39
1555925050, 0, 92, 180, 166, 26, 0.92%, 0, 0, 3, 572.76
1555925055, 0, 92, 182, 168, 26, 0.92%, 0, 0, 3, 591.25
1555925065, 0, 92, 183, 169, 26, 0.92%, 0, 0, 3, 585.12
1555925070, 0, 92, 185, 171, 26, 0.92%, 0, 0, 3, 571.96
1555925086, 0, 97, 188, 173, 27, 0.92%, 0, 0, 3, 579.15
1555925091, 0, 113, 190, 174, 25, 0.92%, 0, 0, 4, 590.68
1555925096, 0, 113, 194, 178, 25, 0.92%, 0, 0, 4, 567.31
1555925106, 0, 113, 195, 179, 25, 0.92%, 0, 0, 4, 562.42
1555925116, 0, 113, 203, 187, 25, 0.92%, 0, 0, 4, 571.61
1555925121, 0, 113, 204, 188, 25, 0.92%, 0, 0, 4, 575.79
1555925127, 0, 113, 206, 190, 25, 0.92%, 0, 0, 4, 590.07
1555925142, 0, 113, 207, 191, 25, 0.92%, 0, 0, 4, 580.31
1555925167, 0, 113, 208, 192, 25, 0.92%, 0, 0, 4, 583.85
1555925172, 0, 115, 208, 191, 24, 0.92%, 0, 0, 4, 578.89
1555925178, 0, 119, 208, 190, 23, 0.92%, 0, 0, 4, 581.87
1555925183, 0, 119, 210, 192, 23, 0.92%, 0, 0, 4, 576.74
1555925188, 0, 126, 213, 194, 22, 0.92%, 0, 0, 4, 592.98
1555925193, 0, 129, 213, 193, 21, 0.92%, 0, 0, 4, 593.10
1555925198, 0, 130, 214, 193, 20, 0.92%, 0, 0, 4, 593.07
1555925203, 0, 131, 215, 193, 19, 0.92%, 0, 0, 4, 596.76
1555925208, 0, 131, 217, 195, 19, 0.92%, 0, 0, 4, 600.95
1555925213, 0, 131, 219, 197, 19, 0.92%, 0, 0, 4, 598.90
1555925219, 0, 131, 220, 198, 19, 0.92%, 0, 0, 4, 594.40
1555925244, 0, 131, 221, 199, 19, 0.93%, 0, 0, 4, 597.19
1555925254, 0, 131, 224, 202, 19, 0.93%, 0, 0, 4, 589.96
1555925259, 0, 131, 225, 203, 19, 0.93%, 0, 0, 4, 589.15
1555925265, 0, 133, 226, 202, 18, 0.93%, 0, 0, 4, 593.53
1555925270, 0, 134, 226, 201, 17, 0.93%, 0, 0, 4, 601.27
1555925275, 0, 135, 227, 201, 16, 0.93%, 0, 0, 4, 592.63
1555925280, 0, 136, 227, 200, 15, 0.93%, 0, 0, 4, 594.07
1555925285, 0, 137, 229, 201, 14, 0.93%, 0, 0, 4, 601.51
1555925290, 0, 137, 230, 202, 14, 0.93%, 0, 0, 4, 592.26
1555925295, 0, 137, 231, 203, 14, 0.93%, 0, 0, 4, 590.60
1555925306, 0, 137, 232, 204, 14, 0.93%, 0, 0, 4, 600.99
1555925341, 0, 139, 232, 203, 14, 0.93%, 0, 0, 4, 603.97
1555925346, 0, 139, 234, 205, 14, 0.93%, 0, 0, 4, 603.10
1555925352, 0, 142, 237, 207, 13, 0.94%, 0, 0, 4, 588.08
1555925357, 0, 142, 243, 213, 13, 0.94%, 0, 0, 4, 574.28
1555925362, 0, 142, 244, 214, 13, 0.94%, 0, 0, 4, 574.46
1555925367, 0, 142, 249, 219, 13, 0.98%, 0, 0, 4, 568.56
1555925372, 0, 142, 251, 221, 13, 0.98%, 0, 0, 4, 581.01
1555925377, 0, 142, 253, 223, 13, 0.98%, 0, 0, 4, 568.78
1555925383, 0, 142, 255, 225, 13, 0.98%, 0, 0, 4, 578.43
1555925388, 0, 142, 257, 227, 13, 0.98%, 0, 0, 4, 571.75
1555925393, 0, 142, 258, 228, 13, 0.98%, 0, 0, 4, 577.72
1555925398, 0, 145, 263, 232, 16, 0.98%, 0, 0, 4, 588.73
1555925403, 0, 145, 264, 233, 16, 0.98%, 0, 0, 4, 588.34
1555925409, 0, 146, 264, 232, 15, 0.98%, 0, 0, 4, 576.90
1555925414, 0, 147, 266, 233, 14, 0.98%, 0, 0, 4, 560.42
1555925419, 0, 147, 267, 234, 14, 0.98%, 0, 0, 4, 586.82
1555925429, 0, 149, 268, 234, 14, 0.98%, 0, 0, 4, 563.94
1555925434, 0, 152, 268, 233, 13, 0.98%, 0, 0, 4, 584.99
1555925439, 0, 156, 268, 232, 12, 0.98%, 0, 0, 4, 573.89
1555925444, 0, 187, 269, 231, 10, 0.98%, 0, 0, 4, 577.03
1555925449, 0, 189, 269, 230, 9, 0.98%, 0, 0, 4, 559.65
1555925480, 0, 195, 269, 229, 8, 0.98%, 0, 0, 4, 562.83
1555925505, 0, 227, 269, 228, 7, 0.98%, 0, 0, 4, 593.00
1555925510, 0, 227, 272, 231, 7, 0.98%, 0, 0, 5, 595.86
1555925526, 0, 227, 273, 232, 7, 0.98%, 0, 0, 5, 586.10
1555925531, 0, 227, 274, 233, 7, 0.98%, 0, 0, 5, 592.99
1555925551, 0, 227, 275, 234, 7, 0.98%, 0, 0, 5, 594.60
1555925566, 0, 236, 275, 233, 6, 0.98%, 0, 0, 5, 559.86
1555925571, 0, 236, 277, 235, 6, 0.98%, 0, 0, 5, 582.42
1555925577, 0, 236, 278, 236, 6, 0.99%, 0, 0, 5, 570.35
1555925582, 0, 236, 281, 239, 6, 0.99%, 0, 0, 5, 577.73
1555925592, 0, 236, 283, 241, 6, 1.00%, 0, 0, 5, 577.99
1555925597, 0, 236, 284, 242, 6, 1.01%, 0, 0, 5, 575.78
1555925602, 0, 236, 285, 243, 6, 1.01%, 0, 0, 5, 578.64
1555925608, 0, 236, 286, 244, 6, 1.01%, 0, 0, 5, 582.00
1555925613, 0, 246, 296, 253, 9, 1.02%, 0, 0, 5, 567.10
1555925618, 0, 246, 298, 255, 9, 1.02%, 0, 0, 5, 569.15
1555925623, 0, 246, 299, 256, 9, 1.02%, 0, 0, 5, 561.92
1555925628, 0, 246, 301, 258, 9, 1.02%, 0, 0, 5, 569.98
1555925633, 0, 246, 307, 264, 9, 1.02%, 0, 0, 5, 580.54
1555925638, 0, 246, 321, 278, 9, 1.02%, 0, 0, 5, 584.10
1555925643, 0, 246, 327, 284, 9, 1.03%, 0, 0, 5, 585.79
1555925648, 0, 246, 328, 285, 9, 1.03%, 0, 0, 5, 570.39
1555925653, 0, 246, 331, 288, 9, 1.03%, 0, 0, 5, 555.46
1555925658, 0, 246, 334, 291, 9, 1.03%, 0, 0, 5, 554.80
1555925663, 0, 246, 337, 294, 9, 1.03%, 0, 0, 5, 559.69
1555925668, 0, 246, 340, 297, 9, 1.03%, 0, 0, 5, 559.86
1555925679, 0, 248, 341, 297, 15, 1.03%, 0, 0, 5, 569.27
1555925684, 0, 248, 342, 298, 15, 1.03%, 0, 0, 5, 585.57
1555925689, 0, 248, 343, 299, 15, 1.03%, 0, 0, 5, 577.37
1555925704, 0, 248, 344, 300, 15, 1.03%, 0, 0, 5, 579.55
1555925709, 0, 248, 345, 301, 15, 1.03%, 0, 0, 5, 589.78
1555925714, 0, 248, 346, 302, 15, 1.03%, 0, 0, 5, 589.71
1555925730, 0, 249, 346, 301, 15, 1.03%, 0, 0, 5, 572.35
1555925755, 0, 258, 346, 300, 15, 1.03%, 0, 0, 5, 556.35
1555925765, 0, 258, 347, 301, 15, 1.03%, 0, 0, 5, 574.27
1555925775, 0, 258, 348, 302, 15, 1.03%, 0, 0, 5, 579.80
1555925780, 0, 258, 349, 303, 15, 1.03%, 0, 0, 5, 589.22
1555925785, 0, 258, 350, 304, 15, 1.03%, 0, 0, 5, 571.53
1555925790, 0, 258, 352, 306, 15, 1.03%, 0, 0, 5, 561.79
1555925813, 0, 258, 353, 307, 15, 1.03%, 0, 0, 5, 553.68
1555925828, 0, 258, 354, 308, 15, 1.03%, 0, 0, 5, 559.12
1555925839, 0, 258, 355, 309, 15, 1.03%, 0, 0, 5, 587.10
1555925844, 0, 262, 355, 308, 15, 1.03%, 0, 0, 5, 594.12
1555925849, 0, 264, 355, 307, 14, 1.03%, 0, 0, 5, 577.64
1555925854, 0, 264, 356, 308, 14, 1.03%, 0, 0, 5, 569.88
1555925859, 0, 264, 358, 310, 14, 1.03%, 0, 0, 5, 575.22
1555925880, 0, 277, 358, 309, 13, 1.03%, 0, 0, 5, 567.69
1555925895, 0, 283, 358, 308, 12, 1.03%, 0, 0, 5, 577.25
1555925905, 0, 283, 359, 309, 12, 1.03%, 0, 0, 6, 574.83
1555925910, 0, 283, 361, 311, 12, 1.03%, 0, 0, 6, 566.68
1555925951, 0, 285, 362, 311, 11, 1.03%, 0, 0, 6, 548.59
1555925961, 0, 285, 363, 312, 11, 1.03%, 0, 0, 6, 553.53
1555925966, 0, 285, 364, 313, 11, 1.03%, 0, 0, 6, 542.66
1555925982, 0, 285, 367, 316, 11, 1.03%, 0, 0, 6, 554.26
1555925987, 0, 285, 368, 317, 11, 1.03%, 0, 0, 6, 552.73
1555925997, 0, 285, 369, 318, 11, 1.03%, 0, 0, 6, 544.05
1555926023, 0, 285, 372, 321, 11, 1.03%, 0, 0, 6, 560.19
1555926038, 0, 297, 372, 320, 11, 1.03%, 0, 0, 6, 552.03
1555926063, 0, 297, 373, 321, 11, 1.03%, 0, 0, 6, 580.16
1555926069, 0, 297, 374, 322, 11, 1.03%, 0, 0, 6, 578.67
1555926074, 0, 297, 376, 324, 11, 1.03%, 0, 0, 6, 566.99
1555926084, 0, 297, 377, 325, 11, 1.03%, 0, 0, 6, 581.63
1555926104, 0, 300, 379, 326, 10, 1.03%, 0, 0, 6, 575.66
1555926130, 0, 300, 380, 327, 10, 1.03%, 0, 0, 6, 581.02
1555926135, 0, 300, 383, 330, 10, 1.03%, 0, 0, 6, 574.35
1555926140, 0, 300, 384, 331, 10, 1.03%, 0, 0, 6, 580.76
1555926155, 0, 300, 385, 332, 10, 1.03%, 0, 0, 6, 582.06
1555926161, 0, 300, 386, 333, 10, 1.03%, 0, 0, 6, 105.26
1555926171, 0, 303, 386, 332, 9, 1.03%, 0, 0, 6, 574.72
1555926191, 0, 307, 386, 331, 8, 1.03%, 0, 0, 6, 551.43
1555926217, 0, 308, 386, 330, 7, 1.03%, 0, 0, 6, 583.01
1555926247, 0, 308, 387, 331, 7, 1.03%, 0, 0, 6, 566.71
1555926252, 0, 308, 388, 332, 7, 1.03%, 0, 0, 6, 565.57
1555926268, 0, 309, 388, 331, 7, 1.03%, 0, 0, 6, 568.50
1555926288, 0, 314, 388, 330, 6, 1.03%, 0, 0, 6, 568.10
1555926308, 0, 314, 389, 331, 6, 1.03%, 0, 0, 6, 569.42
1555926319, 0, 320, 389, 330, 5, 1.03%, 0, 0, 6, 563.48
1555926339, 0, 326, 389, 329, 4, 1.03%, 0, 0, 6, 581.96
1555926359, 0, 345, 389, 328, 3, 1.03%, 0, 0, 6, 579.21
1555926370, 0, 345, 390, 329, 3, 1.03%, 0, 0, 6, 582.79
1555926375, 0, 349, 390, 328, 2, 1.03%, 0, 0, 6, 549.24
1555926405, 0, 349, 391, 329, 2, 1.03%, 0, 0, 6, 548.67
1555926410, 0, 349, 392, 330, 2, 1.03%, 0, 0, 6, 547.13
1555926420, 0, 355, 393, 330, 1, 1.03%, 0, 0, 6, 546.17
1555926430, 0, 355, 395, 332, 1, 1.03%, 0, 0, 6, 555.06
1555926435, 0, 355, 396, 333, 1, 1.03%, 0, 0, 6, 548.09
1555926441, 0, 355, 397, 334, 1, 1.03%, 0, 0, 6, 560.20
1555926456, 0, 355, 398, 335, 1, 1.03%, 0, 0, 6, 563.22
1555926466, 0, 355, 399, 336, 1, 1.03%, 0, 0, 6, 560.47
1555926471, 0, 355, 401, 338, 1, 1.03%, 0, 0, 6, 553.94
1555926486, 0, 355, 403, 340, 1, 1.03%, 0, 0, 6, 555.63
1555926491, 0, 386, 405, 341, 1, 1.03%, 0, 0, 6, 544.64
1555926522, 0, 386, 406, 342, 1, 1.03%, 0, 0, 7, 563.26
1555926527, 0, 394, 406, 341, 0, 1.03%, 0, 0, 7, 580.76
1555926542, 0, 394, 407, 342, 0, 1.03%, 0, 0, 7, 583.58
1555926547, 1, 5, 408, 342, 0, 1.03%, 0, 0, 7, 579.64
1555926552, 1, 5, 411, 345, 0, 1.03%, 0, 0, 7, 579.04
1555926557, 1, 5, 412, 346, 0, 1.03%, 0, 0, 7, 566.74
1555926578, 1, 5, 413, 347, 0, 1.03%, 0, 0, 7, 590.94
1555926583, 1, 5, 414, 348, 0, 1.03%, 0, 0, 7, 577.42
1555926588, 1, 5, 416, 350, 0, 1.03%, 0, 0, 7, 566.24
1555926593, 1, 31, 416, 349, 1, 1.03%, 0, 0, 7, 548.82
1555926598, 1, 65, 416, 348, 1, 1.03%, 0, 0, 7, 554.81
1555926608, 1, 216, 416, 347, 1, 1.03%, 0, 0, 7, 586.11
1555926618, 1, 216, 419, 350, 1, 1.20%, 0, 0, 7, 586.70
1555926623, 1, 216, 420, 351, 1, 1.20%, 0, 0, 7, 576.25
1555926675, 1, 358, 420, 350, 3, 1.20%, 0, 0, 7, 567.73
1555926695, 1, 358, 426, 356, 3, 1.20%, 0, 0, 7, 567.24
1555926705, 1, 358, 428, 358, 3, 1.20%, 0, 0, 7, 574.16
1555926716, 1, 358, 429, 359, 3, 1.20%, 0, 0, 7, 566.69
1555926721, 1, 358, 432, 362, 3, 1.20%, 0, 0, 7, 570.91
1555926726, 1, 358, 433, 363, 3, 1.20%, 0, 0, 7, 562.24
1555926731, 1, 358, 434, 364, 3, 1.20%, 0, 0, 7, 533.53
1555926736, 1, 359, 435, 364, 4, 1.20%, 0, 0, 7, 519.98
1555926772, 1, 359, 436, 365, 4, 1.20%, 0, 0, 7, 462.32
1555926782, 1, 409, 436, 364, 4, 1.20%, 0, 0, 7, 448.40
1555926889, 1, 409, 437, 365, 4, 1.20%, 0, 0, 7, 528.18
1555926894, 1, 409, 440, 368, 4, 1.20%, 0, 0, 7, 550.99
1555926899, 1, 409, 442, 370, 4, 1.20%, 0, 0, 7, 562.25
1555926950, 1, 416, 443, 370, 4, 1.20%, 0, 0, 7, 578.09
1555926955, 1, 416, 445, 372, 4, 1.20%, 0, 0, 7, 575.92
1555926971, 1, 416, 446, 373, 4, 1.21%, 0, 0, 7, 582.37
1555926976, 1, 416, 447, 374, 4, 1.21%, 0, 0, 7, 576.05
1555926986, 1, 416, 449, 376, 4, 1.21%, 0, 0, 7, 582.13
1555927012, 1, 417, 457, 383, 6, 1.22%, 0, 0, 7, 564.11
1555927017, 1, 417, 458, 384, 6, 1.22%, 0, 0, 7, 569.18
1555927022, 1, 417, 463, 389, 6, 1.22%, 0, 0, 7, 564.57
1555927027, 1, 417, 470, 396, 6, 1.22%, 0, 0, 7, 561.98
1555927032, 1, 417, 474, 400, 6, 1.22%, 0, 0, 7, 570.06
1555927037, 1, 417, 477, 403, 6, 1.22%, 0, 0, 7, 580.14
1555927042, 1, 417, 478, 404, 6, 1.22%, 0, 0, 7, 567.74
1555927053, 1, 417, 479, 405, 6, 1.22%, 0, 0, 7, 562.56
1555927058, 1, 417, 480, 406, 6, 1.22%, 0, 0, 7, 585.49
1555927063, 1, 417, 481, 407, 6, 1.22%, 0, 0, 7, 568.67
1555927068, 1, 417, 482, 408, 6, 1.22%, 0, 0, 7, 564.67
1555927073, 1, 417, 483, 409, 6, 1.22%, 0, 0, 7, 547.18
1555927078, 1, 431, 483, 408, 10, 1.22%, 0, 0, 7, 554.72
1555927144, 1, 431, 484, 409, 10, 1.22%, 0, 0, 8, 549.46
1555927165, 1, 433, 484, 408, 9, 1.22%, 0, 0, 8, 498.97
1555927246, 1, 433, 485, 409, 9, 1.22%, 0, 0, 8, 528.16
1555927256, 1, 433, 486, 410, 9, 1.22%, 0, 0, 8, 523.81
1555927261, 1, 433, 487, 411, 9, 1.22%, 0, 0, 8, 539.37
1555927277, 1, 433, 488, 412, 9, 1.22%, 0, 0, 8, 539.55
1555927282, 1, 433, 489, 413, 9, 1.22%, 0, 0, 8, 532.97
1555927292, 1, 438, 489, 412, 9, 1.22%, 0, 0, 8, 520.94
1555927363, 1, 442, 489, 411, 8, 1.22%, 0, 0, 8, 560.51
1555927373, 1, 445, 489, 410, 7, 1.22%, 0, 0, 8, 558.43
1555927394, 1, 446, 490, 410, 6, 1.23%, 0, 0, 8, 561.47
1555927399, 1, 446, 491, 411, 6, 1.23%, 0, 0, 8, 563.08
1555927409, 1, 452, 491, 410, 7, 1.23%, 0, 0, 8, 555.74
1555927424, 1, 452, 493, 412, 7, 1.23%, 0, 0, 8, 550.09
1555927430, 1, 452, 494, 413, 7, 1.23%, 0, 0, 8, 533.19
1555927435, 1, 452, 495, 414, 7, 1.23%, 0, 0, 8, 549.54
1555927450, 1, 452, 496, 415, 7, 1.23%, 0, 0, 8, 561.14
1555927455, 1, 452, 497, 416, 7, 1.23%, 0, 0, 8, 526.27
1555927480, 1, 456, 497, 415, 5, 1.23%, 0, 0, 8, 558.18
1555927486, 1, 456, 498, 416, 5, 1.23%, 0, 0, 8, 557.37
1555927491, 1, 456, 499, 417, 5, 1.23%, 0, 0, 8, 547.56
1555927506, 1, 457, 499, 416, 4, 1.23%, 0, 0, 8, 544.83
1555927521, 1, 478, 500, 416, 3, 1.23%, 0, 0, 8, 553.08
1555927578, 1, 489, 501, 416, 3, 1.24%, 0, 0, 8, 555.07
1555927588, 1, 490, 503, 417, 3, 1.25%, 0, 0, 8, 579.20
1555927598, 1, 499, 503, 416, 4, 1.25%, 0, 0, 8, 543.26
1555927645, 1, 499, 504, 417, 4, 1.25%, 0, 0, 8, 553.28
1555927660, 1, 500, 504, 416, 3, 1.25%, 0, 0, 8, 570.95
1555927670, 1, 500, 507, 419, 3, 1.25%, 0, 0, 9, 576.29
1555927680, 1, 500, 508, 420, 3, 1.25%, 0, 0, 9, 559.29
1555927685, 1, 500, 509, 421, 3, 1.25%, 0, 0, 9, 555.95
1555927711, 1, 501, 509, 420, 2, 1.25%, 0, 0, 9, 577.03
1555927721, 1, 502, 509, 419, 1, 1.25%, 0, 0, 9, 546.60
1555927736, 2, 3, 509, 418, 0, 1.25%, 0, 0, 9, 571.45
1555927747, 2, 10, 509, 417, 0, 1.25%, 0, 0, 9, 581.94
1555927752, 2, 21, 509, 416, 0, 1.25%, 0, 0, 9, 572.47
1555927757, 2, 26, 509, 414, 0, 1.25%, 0, 0, 9, 567.31
1555927762, 2, 28, 509, 413, 0, 1.25%, 0, 0, 9, 270.48
1555927782, 2, 29, 509, 412, 0, 1.25%, 0, 0, 9, 570.91
1555927797, 2, 30, 509, 411, 0, 1.25%, 0, 0, 9, 573.20
1555927803, 2, 33, 509, 410, 0, 1.25%, 0, 0, 9, 570.30
1555927808, 2, 34, 509, 409, 0, 1.25%, 0, 0, 9, 579.12
1555927813, 2, 37, 509, 408, 0, 1.25%, 0, 0, 9, 526.97
1555927823, 2, 39, 509, 407, 0, 1.25%, 0, 0, 9, 559.06
1555927838, 2, 41, 509, 406, 0, 1.25%, 0, 0, 9, 563.81
1555927843, 2, 45, 509, 405, 0, 1.25%, 0, 0, 9, 562.36
1555927848, 2, 54, 509, 405, 0, 1.25%, 0, 0, 9, 576.17
1555927854, 2, 54, 510, 406, 0, 1.25%, 0, 0, 9, 568.62
1555927859, 2, 56, 510, 405, 0, 1.25%, 0, 0, 9, 568.45
1555927864, 2, 56, 511, 406, 0, 1.25%, 0, 0, 9, 566.94
1555927869, 2, 57, 511, 405, 0, 1.25%, 0, 0, 9, 575.67
1555927874, 2, 68, 512, 405, 0, 1.25%, 0, 0, 9, 561.42
1555927884, 2, 74, 512, 404, 0, 1.25%, 0, 0, 9, 574.22
1555927899, 2, 81, 512, 403, 0, 1.25%, 0, 0, 9, 545.68
1555927920, 2, 91, 512, 402, 0, 1.25%, 0, 0, 9, 512.08
1555927935, 2, 93, 512, 401, 0, 1.25%, 0, 0, 9, 566.38
1555927940, 2, 99, 512, 400, 0, 1.25%, 0, 0, 9, 547.83
1555927976, 2, 105, 512, 399, 0, 1.25%, 0, 0, 9, 560.30
1555927981, 2, 109, 512, 398, 0, 1.25%, 0, 0, 9, 563.63
1555927986, 2, 117, 512, 397, 0, 1.25%, 0, 0, 9, 553.62
1555927991, 2, 118, 512, 396, 0, 1.25%, 0, 0, 9, 539.48
1555928006, 2, 121, 512, 395, 0, 1.25%, 0, 0, 9, 559.32
1555928017, 2, 125, 512, 394, 0, 1.25%, 0, 0, 9, 555.62
1555928047, 2, 127, 512, 393, 0, 1.25%, 0, 0, 9, 559.33
1555928063, 2, 128, 512, 392, 0, 1.25%, 0, 0, 9, 553.70
1555928078, 2, 139, 514, 393, 0, 1.25%, 0, 0, 9, 555.05
1555928083, 2, 150, 514, 393, 0, 1.25%, 0, 0, 9, 566.48
1555928099, 2, 155, 514, 392, 0, 1.25%, 0, 0, 9, 526.28
1555928109, 2, 158, 514, 391, 0, 1.25%, 0, 0, 9, 552.50
1555928114, 2, 162, 515, 391, 0, 1.25%, 0, 0, 9, 564.75
1555928124, 2, 163, 515, 390, 0, 1.25%, 0, 0, 9, 577.47
1555928134, 2, 164, 516, 390, 0, 1.25%, 0, 0, 9, 578.11
1555928140, 2, 166, 516, 389, 0, 1.25%, 0, 0, 9, 576.80
1555928150, 2, 181, 516, 388, 0, 1.25%, 0, 0, 9, 568.71
1555928180, 2, 181, 517, 389, 0, 1.25%, 0, 0, 9, 556.22
1555928185, 2, 184, 517, 388, 0, 1.25%, 0, 0, 9, 548.69
1555928210, 2, 184, 518, 389, 0, 1.25%, 0, 0, 9, 569.50
1555928216, 2, 185, 520, 390, 0, 1.25%, 0, 0, 9, 581.87
1555928221, 2, 185, 522, 392, 0, 1.25%, 0, 0, 9, 567.59
1555928226, 2, 185, 524, 394, 0, 1.25%, 0, 0, 9, 559.95
1555928231, 2, 185, 527, 397, 0, 1.25%, 0, 0, 9, 561.62
1555928236, 2, 185, 528, 398, 0, 1.25%, 0, 0, 9, 564.46
1555928241, 2, 185, 529, 399, 0, 1.25%, 0, 0, 9, 563.55
1555928246, 2, 185, 530, 400, 0, 1.25%, 0, 0, 9, 558.25
1555928256, 2, 185, 531, 401, 0, 1.25%, 0, 0, 9, 568.16
1555928266, 2, 185, 532, 402, 0, 1.25%, 0, 0, 9, 563.67
1555928277, 2, 313, 532, 401, 1, 1.25%, 0, 0, 9, 557.68
1555928308, 2, 313, 535, 404, 1, 1.25%, 0, 0, 9, 559.81
1555928313, 2, 313, 537, 406, 1, 1.25%, 0, 0, 9, 553.05
1555928323, 2, 313, 538, 407, 1, 1.25%, 0, 0, 9, 556.52
1555928328, 2, 313, 539, 408, 1, 1.25%, 0, 0, 9, 563.76
1555928343, 2, 313, 540, 409, 1, 1.25%, 0, 0, 9, 552.26
1555928354, 2, 353, 540, 408, 1, 1.25%, 0, 0, 9, 562.69
1555928369, 2, 429, 540, 407, 1, 1.25%, 0, 0, 9, 537.18
1555928425, 2, 429, 545, 412, 1, 1.25%, 0, 0, 9, 524.81
1555928430, 2, 429, 548, 415, 1, 1.25%, 0, 0, 9, 498.05
1555928435, 2, 429, 549, 416, 1, 1.25%, 0, 0, 9, 483.81
1555928440, 2, 429, 550, 417, 1, 1.25%, 0, 0, 9, 494.21
1555928450, 2, 429, 551, 418, 1, 1.25%, 0, 0, 9, 465.24
1555928471, 2, 439, 551, 417, 1, 1.25%, 0, 0, 9, 506.96
1555928599, 2, 439, 553, 419, 1, 1.25%, 0, 0, 9, 459.18
1555928614, 2, 488, 553, 418, 1, 1.25%, 0, 0, 9, 465.53
1555928695, 2, 488, 554, 419, 1, 1.25%, 0, 0, 9, 521.64
1555928700, 2, 488, 557, 422, 1, 1.25%, 0, 0, 9, 531.51
1555928715, 2, 488, 558, 423, 1, 1.25%, 0, 0, 9, 518.61
1555928730, 2, 519, 558, 422, 1, 1.25%, 0, 0, 9, 502.78
1555928898, 2, 519, 559, 423, 1, 1.25%, 0, 0, 9, 500.79
1555929025, 2, 519, 560, 424, 1, 1.25%, 0, 0, 9, 503.18
1555929061, 2, 558, 560, 423, 1, 1.25%, 0, 0, 9, 513.49
1555929127, 2, 559, 560, 422, 0, 1.25%, 0, 0, 9, 528.97
1555929133, 2, 559, 561, 423, 0, 1.25%, 0, 0, 9, 526.44
1555929179, 2, 559, 562, 424, 0, 1.25%, 0, 0, 9, 530.41
1555929209, 2, 559, 566, 428, 0, 1.25%, 0, 0, 9, 509.65
1555929245, 2, 559, 567, 429, 0, 1.25%, 0, 0, 9, 495.36
1555929250, 2, 559, 568, 430, 0, 1.25%, 0, 0, 9, 525.45
1555929265, 2, 559, 570, 432, 0, 1.25%, 0, 0, 9, 519.64
1555929270, 2, 559, 571, 433, 0, 1.25%, 0, 0, 9, 515.06
1555929296, 2, 559, 572, 434, 0, 1.25%, 0, 0, 9, 508.96
1555929306, 2, 570, 573, 434, 0, 1.25%, 0, 0, 9, 479.09
