# unix_time, cycles_done, cur_path, paths_total, pending_total, pending_favs, map_size, unique_crashes, unique_hangs, max_depth, execs_per_sec
1555936863, 0, 0, 4, 4, 1, 0.09%, 0, 0, 1, 1454.55
1555936868, 0, 3, 21, 21, 1, 0.13%, 0, 0, 2, 2012.09
1555936873, 0, 3, 24, 24, 1, 0.13%, 0, 0, 2, 2154.01
1555936878, 0, 4, 24, 23, 6, 0.13%, 0, 0, 2, 2203.70
1555936883, 0, 22, 27, 21, 1, 0.13%, 0, 0, 3, 2207.82
1555936888, 1, 7, 30, 21, 0, 0.15%, 0, 0, 4, 2264.85
1555936893, 1, 16, 30, 19, 0, 0.15%, 0, 0, 4, 2235.85
1555936899, 1, 19, 31, 19, 0, 0.15%, 0, 0, 4, 2218.62
1555936904, 1, 21, 32, 19, 0, 0.15%, 0, 0, 4, 2193.46
1555936909, 1, 21, 35, 22, 0, 0.15%, 0, 0, 4, 2253.26
1555936914, 1, 21, 36, 23, 0, 0.15%, 0, 0, 4, 2171.82
1555936919, 1, 29, 38, 24, 0, 0.15%, 0, 0, 5, 2166.68
1555936924, 2, 23, 39, 22, 0, 0.15%, 0, 0, 5, 2209.51
1555936929, 2, 30, 39, 21, 0, 0.15%, 0, 0, 5, 2203.68
1555936940, 2, 34, 40, 21, 0, 0.15%, 0, 0, 5, 2178.77
1555936945, 3, 31, 40, 19, 0, 0.15%, 0, 0, 5, 2219.91
1555936955, 3, 37, 40, 18, 0, 0.15%, 0, 0, 5, 2183.76
1555936960, 3, 37, 43, 21, 0, 0.15%, 0, 0, 6, 2141.09
1555936976, 3, 42, 44, 21, 0, 0.15%, 0, 0, 7, 2249.26
1555936981, 4, 17, 44, 20, 0, 0.15%, 0, 0, 7, 2226.79
1555936991, 4, 36, 44, 19, 0, 0.15%, 0, 0, 7, 2232.54
1555936996, 4, 40, 44, 18, 0, 0.15%, 0, 0, 7, 2226.18
1555937001, 5, 6, 44, 17, 0, 0.15%, 0, 0, 7, 2211.98
1555937006, 5, 11, 44, 16, 0, 0.15%, 0, 0, 7, 2210.74
1555937011, 5, 39, 44, 14, 0, 0.15%, 0, 0, 7, 2218.11
1555937022, 6, 24, 45, 14, 0, 0.15%, 0, 0, 7, 2193.47
1555937027, 7, 8, 45, 12, 0, 0.15%, 0, 0, 7, 2172.49
1555937032, 7, 25, 45, 11, 0, 0.15%, 0, 0, 7, 2231.26
1555937037, 7, 32, 45, 10, 0, 0.15%, 0, 0, 7, 2245.48
1555937042, 8, 18, 46, 10, 0, 0.15%, 0, 0, 7, 2177.79
1555937047, 8, 28, 46, 9, 0, 0.15%, 0, 0, 7, 2235.10
1555937052, 8, 33, 46, 9, 0, 0.15%, 0, 0, 7, 2193.71
1555937057, 9, 43, 46, 8, 0, 0.15%, 0, 0, 7, 2203.96
1555937067, 9, 45, 46, 7, 0, 0.15%, 0, 0, 7, 2173.18
1555937077, 11, 1, 46, 6, 0, 0.15%, 0, 0, 7, 2164.30
1555937082, 11, 44, 47, 7, 0, 0.15%, 0, 0, 7, 2207.97
1555937088, 11, 46, 49, 8, 0, 0.15%, 0, 0, 7, 2193.59
1555937093, 11, 46, 50, 9, 0, 0.15%, 0, 0, 7, 2188.93
1555937108, 11, 47, 50, 8, 0, 0.15%, 0, 0, 7, 2192.80
1555937113, 11, 47, 51, 9, 0, 0.15%, 0, 0, 7, 2191.20
1555937123, 12, 8, 51, 8, 0, 0.15%, 0, 0, 7, 2187.08
1555937128, 12, 28, 51, 7, 0, 0.15%, 0, 0, 7, 2193.42
1555937134, 13, 28, 51, 6, 0, 0.15%, 0, 0, 7, 2195.81
1555937139, 13, 41, 51, 6, 0, 0.15%, 0, 0, 7, 2227.29
1555937144, 14, 10, 51, 5, 0, 0.15%, 0, 0, 7, 2140.99
1555937149, 14, 35, 51, 5, 0, 0.15%, 0, 0, 7, 423.08
1555937154, 14, 48, 51, 4, 0, 0.15%, 0, 0, 7, 2240.64
1555937164, 14, 49, 51, 3, 0, 0.15%, 0, 0, 7, 2228.20
1555937169, 15, 9, 51, 2, 0, 0.15%, 0, 0, 7, 2224.86
1555937174, 15, 50, 51, 2, 0, 0.15%, 0, 0, 7, 2260.58
1555937190, 17, 51, 52, 2, 1, 0.17%, 0, 0, 7, 2157.38
1555937195, 17, 51, 53, 3, 1, 0.19%, 0, 0, 7, 2163.45
1555937200, 17, 52, 53, 2, 1, 0.19%, 0, 0, 7, 2148.08
1555937205, 18, 51, 53, 0, 0, 0.19%, 0, 0, 7, 2167.65
1555937210, 19, 51, 53, 0, 0, 0.19%, 0, 0, 7, 2136.75
1555937215, 20, 48, 53, 0, 0, 0.19%, 0, 0, 7, 2168.39
1555937221, 20, 49, 53, 0, 0, 0.19%, 0, 0, 7, 2128.19
1555937226, 21, 28, 53, 0, 0, 0.19%, 0, 0, 7, 2207.72
1555937231, 22, 40, 53, 0, 0, 0.19%, 0, 0, 7, 2173.11
1555937236, 24, 4, 53, 0, 0, 0.19%, 0, 0, 7, 2200.36
1555937241, 25, 22, 53, 0, 0, 0.19%, 0, 0, 7, 2158.95
1555937246, 26, 34, 53, 0, 0, 0.19%, 0, 0, 7, 2215.16
1555937251, 28, 8, 53, 0, 0, 0.19%, 0, 0, 7, 2225.86
1555937256, 29, 22, 53, 0, 0, 0.19%, 0, 0, 7, 2234.83
1555937261, 29, 50, 53, 0, 0, 0.19%, 0, 0, 7, 2191.26
1555937266, 30, 37, 53, 0, 0, 0.19%, 0, 0, 7, 2218.20
1555937272, 31, 40, 53, 0, 0, 0.19%, 0, 0, 7, 2215.11
1555937277, 32, 51, 53, 0, 0, 0.19%, 0, 0, 7, 2203.33
1555937282, 34, 5, 53, 0, 0, 0.19%, 0, 0, 7, 2223.96
1555937287, 35, 22, 53, 0, 0, 0.19%, 0, 0, 7, 2225.84
1555937292, 36, 27, 53, 0, 0, 0.19%, 0, 0, 7, 2175.69
1555937297, 37, 28, 53, 0, 0, 0.19%, 0, 0, 7, 2173.58
1555937302, 39, 5, 53, 0, 0, 0.19%, 0, 0, 7, 2160.15
1555937307, 40, 28, 53, 0, 0, 0.19%, 0, 0, 7, 2171.27
1555937312, 41, 36, 53, 0, 0, 0.19%, 0, 0, 7, 2186.17
1555937318, 43, 5, 53, 0, 0, 0.19%, 0, 0, 7, 2182.08
1555937323, 44, 28, 53, 0, 0, 0.19%, 0, 0, 7, 2172.81
1555937328, 45, 8, 53, 0, 0, 0.19%, 0, 0, 7, 2181.36
1555937333, 46, 32, 53, 0, 0, 0.19%, 0, 0, 7, 2177.58
1555937338, 48, 4, 53, 0, 0, 0.19%, 0, 0, 7, 2179.02
1555937343, 48, 52, 53, 0, 0, 0.19%, 0, 0, 7, 2165.68
1555937348, 50, 22, 53, 0, 0, 0.19%, 0, 0, 7, 2215.06
1555937353, 51, 28, 53, 0, 0, 0.19%, 0, 0, 7, 2197.04
1555937358, 52, 48, 53, 0, 0, 0.19%, 0, 0, 7, 2200.22
1555937364, 54, 4, 53, 0, 0, 0.19%, 0, 0, 7, 2228.01
1555937369, 55, 9, 53, 0, 0, 0.19%, 0, 0, 7, 2195.18
1555937374, 56, 51, 53, 0, 0, 0.19%, 0, 0, 7, 2226.98
1555937379, 57, 52, 53, 0, 0, 0.19%, 0, 0, 7, 2198.44
1555937384, 59, 18, 53, 0, 0, 0.19%, 0, 0, 7, 2194.39
1555937389, 61, 4, 53, 0, 0, 0.19%, 0, 0, 7, 2227.82
1555937394, 62, 22, 53, 0, 0, 0.19%, 0, 0, 7, 2218.16
1555937399, 63, 28, 53, 0, 0, 0.19%, 0, 0, 7, 2175.66
1555937405, 64, 43, 53, 0, 0, 0.19%, 0, 0, 7, 2221.91
1555937410, 66, 4, 53, 0, 0, 0.19%, 0, 0, 7, 2230.55
1555937415, 66, 51, 53, 0, 0, 0.19%, 0, 0, 7, 2211.90
1555937420, 68, 4, 53, 0, 0, 0.19%, 0, 0, 7, 2119.19
1555937425, 69, 9, 53, 0, 0, 0.19%, 0, 0, 7, 2116.02
1555937430, 70, 37, 53, 0, 0, 0.19%, 0, 0, 7, 2173.98
1555937435, 71, 45, 53, 0, 0, 0.19%, 0, 0, 7, 2119.48
1555937440, 73, 4, 53, 0, 0, 0.19%, 0, 0, 7, 2106.18
1555937446, 74, 22, 53, 0, 0, 0.19%, 0, 0, 7, 2209.00
1555937451, 75, 51, 53, 0, 0, 0.19%, 0, 0, 7, 2157.73
1555937456, 76, 40, 53, 0, 0, 0.19%, 0, 0, 7, 2149.78
1555937461, 77, 51, 53, 0, 0, 0.19%, 0, 0, 7, 2131.94
1555937466, 78, 56, 57, 4, 0, 0.19%, 0, 0, 7, 2183.01
1555937548, 78, 56, 58, 5, 0, 0.19%, 0, 0, 7, 2116.48
1555937553, 78, 57, 58, 4, 0, 0.19%, 0, 0, 7, 2087.60
1555937660, 78, 57, 60, 6, 0, 0.19%, 0, 0, 7, 2032.43
1555937676, 79, 8, 60, 5, 0, 0.19%, 0, 0, 7, 2112.73
1555937681, 79, 53, 61, 6, 0, 0.19%, 0, 0, 7, 2103.62
1555937722, 79, 55, 61, 5, 0, 0.19%, 0, 0, 7, 2113.74
