# unix_time, cycles_done, cur_path, paths_total, pending_total, pending_favs, map_size, unique_crashes, unique_hangs, max_depth, execs_per_sec
1555942485, 0, 0, 11, 11, 1, 1.24%, 0, 0, 1, 698.41
1555942491, 0, 2, 73, 73, 1, 1.66%, 0, 0, 2, 722.49
1555942496, 0, 2, 90, 90, 1, 1.66%, 0, 0, 2, 717.78
1555942501, 0, 2, 116, 116, 1, 1.68%, 0, 0, 2, 719.82
1555942506, 0, 9, 171, 170, 17, 1.72%, 0, 0, 2, 708.61
1555942511, 0, 60, 179, 172, 16, 1.73%, 0, 0, 3, 693.00
1555942516, 0, 81, 184, 172, 11, 1.74%, 0, 0, 3, 693.86
1555942521, 0, 141, 194, 178, 12, 1.79%, 0, 0, 3, 691.38
1555942526, 0, 167, 214, 196, 16, 1.96%, 0, 0, 3, 720.66
1555942531, 0, 173, 219, 200, 15, 1.96%, 0, 0, 3, 713.21
1555942537, 0, 174, 219, 199, 15, 1.96%, 0, 0, 3, 690.26
1555942542, 0, 207, 254, 228, 15, 2.16%, 0, 0, 3, 685.56
1555942547, 0, 207, 262, 236, 15, 2.17%, 0, 0, 3, 716.86
1555942552, 0, 207, 263, 237, 15, 2.17%, 0, 0, 3, 717.78
1555942557, 0, 226, 267, 239, 15, 2.17%, 0, 0, 3, 678.79
1555942562, 0, 226, 271, 243, 15, 2.17%, 0, 0, 3, 660.08
1555942567, 0, 226, 272, 244, 15, 2.17%, 0, 0, 3, 667.31
1555942572, 0, 233, 282, 253, 16, 2.27%, 0, 0, 3, 659.43
1555942577, 0, 233, 290, 261, 16, 2.30%, 0, 0, 3, 699.72
1555942582, 0, 236, 295, 265, 31, 2.46%, 0, 0, 3, 713.47
1555942587, 0, 237, 323, 292, 33, 2.47%, 0, 0, 3, 670.92
1555942593, 0, 258, 329, 292, 27, 2.47%, 0, 0, 4, 721.89
1555942598, 0, 275, 338, 296, 24, 2.47%, 0, 0, 4, 735.81
1555942603, 0, 284, 342, 295, 20, 2.48%, 0, 0, 4, 713.45
1555942608, 0, 291, 358, 304, 16, 2.52%, 0, 0, 4, 721.91
1555942613, 0, 291, 362, 308, 16, 2.53%, 0, 0, 4, 701.43
1555942618, 0, 302, 375, 318, 20, 2.53%, 0, 0, 4, 698.51
1555942623, 0, 323, 377, 318, 18, 2.54%, 0, 0, 5, 700.55
1555942628, 0, 327, 382, 322, 18, 2.54%, 0, 0, 5, 707.21
1555942633, 0, 327, 383, 323, 18, 2.55%, 0, 0, 5, 714.60
1555942638, 0, 327, 393, 332, 17, 2.55%, 0, 0, 5, 712.79
1555942644, 0, 345, 397, 332, 18, 2.55%, 0, 0, 5, 704.71
1555942649, 0, 345, 399, 334, 18, 2.55%, 0, 0, 5, 701.68
1555942654, 0, 345, 414, 348, 17, 2.56%, 0, 0, 5, 714.43
1555942659, 0, 356, 419, 349, 14, 2.56%, 0, 0, 5, 706.21
1555942664, 0, 376, 427, 354, 13, 2.60%, 0, 0, 5, 705.51
1555942669, 0, 378, 437, 363, 13, 2.60%, 0, 0, 6, 700.91
1555942674, 0, 391, 445, 369, 10, 2.60%, 0, 0, 6, 703.30
1555942679, 0, 397, 451, 374, 10, 2.62%, 0, 0, 6, 684.17
1555942684, 0, 421, 454, 373, 10, 2.62%, 0, 0, 6, 709.16
1555942689, 0, 421, 455, 374, 10, 2.62%, 0, 0, 6, 670.39
1555942695, 0, 444, 457, 372, 7, 2.62%, 0, 0, 6, 704.45
1555942700, 0, 450, 477, 388, 15, 2.66%, 0, 0, 6, 665.75
1555942705, 0, 464, 487, 395, 13, 2.67%, 0, 0, 6, 678.89
1555942710, 0, 472, 492, 393, 6, 2.67%, 0, 0, 6, 678.05
1555942715, 1, 8, 495, 389, 0, 2.67%, 0, 0, 6, 673.19
1555942720, 1, 163, 498, 389, 2, 2.67%, 0, 0, 6, 647.86
1555942725, 1, 496, 505, 392, 4, 2.68%, 0, 0, 6, 678.26
1555942730, 1, 500, 507, 392, 2, 2.68%, 0, 0, 6, 698.89
1555942735, 1, 500, 511, 396, 2, 2.68%, 0, 0, 6, 698.50
1555942741, 1, 502, 512, 396, 3, 2.68%, 0, 0, 6, 631.40
1555942746, 1, 513, 518, 400, 2, 2.69%, 0, 0, 6, 601.88
1555942751, 2, 12, 519, 398, 0, 2.69%, 0, 0, 6, 633.88
1555942756, 2, 29, 519, 395, 0, 2.69%, 0, 0, 6, 643.76
1555942761, 2, 47, 520, 394, 0, 2.69%, 0, 0, 6, 645.05
1555942766, 2, 61, 521, 391, 0, 2.69%, 0, 0, 6, 680.38
1555942771, 2, 74, 523, 392, 0, 2.69%, 0, 0, 6, 640.02
1555942776, 2, 86, 524, 391, 0, 2.69%, 0, 0, 6, 632.47
1555942781, 2, 115, 526, 390, 0, 2.69%, 0, 0, 6, 642.57
1555942786, 2, 126, 527, 388, 0, 2.69%, 0, 0, 6, 658.94
1555942791, 2, 145, 528, 384, 0, 2.69%, 0, 0, 6, 681.63
1555942796, 2, 166, 528, 380, 0, 2.69%, 0, 0, 6, 682.70
1555942802, 2, 178, 529, 378, 0, 2.69%, 0, 0, 6, 662.35
1555942807, 2, 198, 530, 375, 0, 2.69%, 0, 0, 6, 629.01
1555942812, 2, 220, 531, 371, 0, 2.69%, 0, 0, 6, 660.76
1555942817, 2, 235, 534, 369, 0, 2.69%, 0, 0, 6, 649.27
1555942822, 2, 249, 537, 369, 0, 2.69%, 0, 0, 6, 662.16
1555942827, 2, 264, 538, 367, 0, 2.69%, 0, 0, 6, 686.34
1555942832, 2, 275, 542, 367, 0, 2.69%, 0, 0, 6, 660.01
1555942837, 2, 284, 545, 369, 0, 2.69%, 0, 0, 6, 670.88
1555942842, 2, 520, 548, 371, 1, 2.69%, 0, 0, 6, 681.31
1555942848, 2, 520, 550, 373, 1, 2.69%, 0, 0, 6, 711.11
1555942853, 2, 520, 551, 374, 1, 2.69%, 0, 0, 6, 726.53
1555942858, 2, 548, 552, 372, 0, 2.69%, 0, 0, 6, 688.92
1555942863, 2, 555, 562, 381, 0, 2.69%, 0, 0, 6, 669.21
1555942868, 3, 1, 563, 380, 0, 2.69%, 0, 0, 6, 654.16
1555942873, 3, 23, 564, 379, 0, 2.69%, 0, 0, 6, 614.88
1555942878, 3, 37, 564, 377, 0, 2.69%, 0, 0, 6, 598.46
1555942883, 3, 53, 566, 376, 0, 2.69%, 0, 0, 6, 561.13
1555942888, 3, 65, 567, 375, 0, 2.69%, 0, 0, 6, 583.16
1555942893, 3, 71, 567, 372, 0, 2.69%, 0, 0, 6, 578.69
1555942898, 3, 86, 567, 372, 0, 2.69%, 0, 0, 6, 570.18
1555942903, 3, 108, 567, 369, 0, 2.69%, 0, 0, 6, 579.43
1555942909, 3, 128, 568, 367, 0, 2.69%, 0, 0, 6, 590.22
1555942914, 3, 133, 568, 363, 0, 2.69%, 0, 0, 6, 570.60
1555942919, 3, 147, 568, 359, 0, 2.69%, 0, 0, 6, 563.94
1555942924, 3, 174, 568, 356, 0, 2.69%, 0, 0, 6, 556.01
1555942929, 3, 203, 568, 354, 0, 2.69%, 0, 0, 6, 584.44
1555942934, 3, 239, 568, 352, 0, 2.69%, 0, 0, 6, 566.34
1555942939, 3, 264, 568, 350, 0, 2.69%, 0, 0, 6, 601.36
1555942944, 3, 281, 568, 350, 0, 2.69%, 0, 0, 6, 622.96
1555942949, 3, 301, 569, 350, 0, 2.69%, 0, 0, 6, 618.56
1555942954, 3, 312, 569, 347, 0, 2.69%, 0, 0, 6, 612.70
1555942960, 3, 358, 570, 344, 1, 2.69%, 0, 0, 6, 615.92
1555942965, 4, 0, 570, 342, 0, 2.69%, 0, 0, 6, 571.18
1555942970, 4, 13, 571, 340, 0, 2.69%, 0, 0, 6, 575.90
1555942975, 4, 29, 572, 338, 0, 2.69%, 0, 0, 6, 580.24
1555942980, 4, 61, 575, 340, 0, 2.69%, 0, 0, 6, 578.90
1555942985, 4, 74, 576, 340, 0, 2.69%, 0, 0, 6, 602.73
1555942990, 4, 88, 576, 339, 0, 2.69%, 0, 0, 6, 595.50
1555942996, 4, 108, 576, 334, 0, 2.69%, 0, 0, 6, 578.45
1555943001, 4, 132, 579, 336, 0, 2.69%, 0, 0, 6, 590.30
1555943006, 4, 159, 580, 334, 0, 2.69%, 0, 0, 6, 585.29
1555943011, 4, 376, 582, 335, 1, 2.74%, 0, 0, 6, 589.14
1555943016, 4, 522, 584, 336, 1, 2.74%, 0, 0, 6, 580.42
1555943021, 4, 530, 584, 335, 1, 2.74%, 0, 0, 6, 546.95
1555943026, 4, 581, 585, 335, 1, 2.74%, 0, 0, 6, 582.97
1555943031, 4, 584, 587, 336, 1, 2.74%, 0, 0, 6, 585.73
1555943036, 5, 13, 587, 334, 0, 2.74%, 0, 0, 6, 588.92
1555943041, 5, 29, 589, 335, 0, 2.74%, 0, 0, 6, 577.24
1555943046, 5, 589, 591, 336, 1, 2.79%, 0, 0, 6, 586.28
1555943051, 6, 5, 592, 336, 0, 2.79%, 0, 0, 6, 591.52
1555943057, 6, 101, 596, 338, 1, 2.79%, 0, 0, 6, 572.56
1555943062, 6, 462, 597, 337, 1, 2.79%, 0, 0, 6, 567.38
1555943067, 6, 596, 606, 344, 0, 2.79%, 0, 0, 6, 564.40
1555943072, 7, 13, 607, 344, 0, 2.79%, 0, 0, 6, 590.49
1555943077, 7, 29, 611, 347, 0, 2.79%, 0, 0, 6, 580.88
1555943082, 7, 311, 617, 352, 2, 2.80%, 0, 0, 6, 582.66
1555943087, 7, 395, 617, 351, 2, 2.80%, 0, 0, 6, 578.60
1555943092, 7, 515, 618, 351, 2, 2.80%, 0, 0, 6, 573.77
1555943098, 7, 615, 625, 356, 2, 2.80%, 0, 0, 6, 594.80
1555943103, 7, 615, 627, 358, 2, 2.80%, 0, 0, 6, 583.05
1555943108, 7, 615, 630, 361, 2, 2.81%, 0, 0, 6, 579.20
1555943113, 7, 615, 633, 364, 2, 2.81%, 0, 0, 6, 585.72
1555943118, 7, 616, 635, 365, 4, 2.81%, 0, 0, 6, 602.09
1555943123, 7, 616, 638, 368, 4, 2.82%, 0, 0, 6, 593.01
1555943128, 7, 616, 639, 369, 4, 2.82%, 0, 0, 6, 599.54
1555943133, 7, 628, 647, 376, 3, 2.82%, 0, 0, 6, 575.65
1555943148, 7, 628, 653, 382, 3, 2.82%, 0, 0, 6, 577.10
1555943153, 7, 629, 659, 387, 4, 2.82%, 0, 0, 6, 608.98
1555943169, 7, 652, 669, 396, 3, 2.82%, 0, 0, 6, 612.34
1555943174, 7, 653, 669, 395, 2, 2.82%, 0, 0, 6, 588.00
1555943179, 7, 662, 670, 395, 1, 2.82%, 0, 0, 6, 565.01
1555943189, 8, 10, 670, 394, 0, 2.82%, 0, 0, 6, 587.29
1555943194, 8, 414, 674, 396, 1, 2.82%, 0, 0, 6, 574.40
1555943199, 8, 672, 682, 401, 0, 2.82%, 0, 0, 6, 511.97
1555943204, 8, 672, 692, 411, 0, 2.82%, 0, 0, 6, 463.44
1555943209, 8, 672, 695, 414, 0, 2.82%, 0, 0, 6, 462.09
1555943214, 8, 675, 696, 414, 0, 2.82%, 0, 0, 6, 519.19
1555943219, 8, 675, 697, 415, 0, 2.82%, 0, 0, 6, 481.80
1555943235, 8, 679, 701, 418, 0, 2.82%, 0, 0, 6, 443.63
1555943240, 8, 679, 703, 420, 0, 2.82%, 0, 0, 6, 447.52
1555943255, 8, 681, 705, 421, 0, 2.82%, 0, 0, 6, 456.62
1555943260, 8, 681, 708, 424, 0, 2.83%, 0, 0, 6, 419.94
1555943265, 8, 681, 709, 425, 0, 2.83%, 0, 0, 6, 435.88
1555943275, 8, 689, 729, 444, 8, 2.85%, 0, 0, 6, 431.71
1555943286, 8, 689, 733, 448, 8, 2.85%, 0, 0, 6, 563.61
1555943291, 8, 706, 733, 447, 9, 2.85%, 0, 0, 6, 105.69
1555943311, 8, 706, 744, 458, 9, 2.85%, 0, 0, 6, 161.47
1555943316, 8, 706, 749, 463, 9, 2.85%, 0, 0, 6, 177.75
1555943321, 8, 706, 753, 467, 9, 2.85%, 0, 0, 6, 205.11
1555943326, 8, 706, 755, 469, 9, 2.85%, 0, 0, 6, 213.38
1555943331, 8, 706, 756, 470, 9, 2.85%, 0, 0, 6, 205.98
1555943336, 8, 706, 757, 471, 9, 2.88%, 0, 0, 6, 206.11
1555943342, 8, 709, 757, 470, 9, 2.88%, 0, 0, 6, 586.38
1555943347, 8, 713, 757, 469, 8, 2.88%, 0, 0, 6, 659.11
1555943352, 8, 713, 760, 472, 8, 2.88%, 0, 0, 6, 129.64
1555943357, 8, 719, 762, 472, 6, 2.89%, 0, 0, 6, 477.13
1555943362, 8, 721, 771, 481, 8, 2.89%, 0, 0, 6, 550.71
1555943367, 8, 728, 771, 478, 5, 2.89%, 0, 0, 6, 605.49
1555943372, 8, 732, 776, 482, 4, 2.89%, 0, 0, 6, 539.63
1555943377, 8, 732, 778, 484, 4, 2.89%, 0, 0, 6, 571.16
1555943382, 8, 732, 779, 485, 4, 2.89%, 0, 0, 6, 575.19
1555943387, 8, 732, 783, 489, 4, 2.89%, 0, 0, 6, 537.55
1555943392, 8, 750, 785, 490, 3, 2.89%, 0, 0, 6, 470.12
1555943413, 8, 756, 785, 489, 3, 2.89%, 0, 0, 6, 111.07
1555943433, 8, 761, 786, 489, 2, 2.89%, 0, 0, 7, 453.52
1555943438, 8, 773, 786, 487, 0, 2.89%, 0, 0, 7, 626.51
1555943453, 8, 785, 791, 491, 1, 2.89%, 0, 0, 8, 696.27
1555943469, 8, 789, 791, 489, 0, 2.89%, 0, 0, 8, 657.78
1555943474, 9, 11, 791, 488, 0, 2.89%, 0, 0, 8, 663.75
1555943479, 9, 645, 793, 489, 1, 2.89%, 0, 0, 8, 694.82
1555943484, 9, 647, 795, 490, 1, 2.89%, 0, 0, 8, 636.08
1555943489, 9, 647, 797, 492, 1, 2.89%, 0, 0, 8, 601.24
1555943494, 9, 791, 797, 491, 1, 2.89%, 0, 0, 8, 670.77
1555943499, 10, 28, 802, 495, 0, 2.89%, 0, 0, 8, 156.55
1555943504, 10, 58, 804, 495, 0, 2.89%, 0, 0, 8, 563.36
1555943509, 10, 62, 805, 494, 0, 2.89%, 0, 0, 8, 613.97
1555943514, 10, 74, 806, 493, 0, 2.89%, 0, 0, 8, 634.69
1555943520, 10, 99, 808, 493, 0, 2.89%, 0, 0, 8, 655.07
1555943525, 10, 123, 810, 491, 0, 2.89%, 0, 0, 8, 637.07
1555943530, 10, 142, 811, 491, 0, 2.89%, 0, 0, 8, 711.46
1555943535, 10, 155, 813, 491, 0, 2.89%, 0, 0, 8, 667.66
1555943540, 10, 169, 813, 489, 0, 2.89%, 0, 0, 8, 621.59
1555943545, 10, 192, 813, 487, 0, 2.89%, 0, 0, 8, 634.24
1555943550, 10, 217, 814, 485, 0, 2.89%, 0, 0, 8, 638.45
1555943555, 10, 253, 816, 483, 0, 2.89%, 0, 0, 8, 698.97
1555943561, 10, 269, 816, 479, 0, 2.89%, 0, 0, 8, 630.09
1555943566, 10, 428, 818, 478, 0, 2.89%, 0, 0, 8, 713.96
1555943571, 10, 432, 820, 479, 0, 2.89%, 0, 0, 8, 741.83
1555943576, 10, 437, 821, 478, 0, 2.89%, 0, 0, 8, 731.33
1555943581, 10, 448, 823, 479, 0, 2.89%, 0, 0, 8, 673.62
1555943586, 10, 465, 823, 478, 0, 2.89%, 0, 0, 8, 715.95
1555943591, 10, 478, 824, 479, 0, 2.89%, 0, 0, 8, 721.46
1555943596, 10, 480, 826, 480, 0, 2.89%, 0, 0, 8, 603.02
1555943601, 10, 499, 827, 480, 0, 2.89%, 0, 0, 8, 690.53
1555943606, 10, 502, 828, 480, 0, 2.89%, 0, 0, 8, 717.78
1555943612, 10, 534, 832, 482, 0, 2.89%, 0, 0, 8, 698.93
1555943617, 10, 537, 834, 483, 0, 2.89%, 0, 0, 8, 697.56
1555943622, 10, 547, 835, 482, 0, 2.89%, 0, 0, 8, 680.26
1555943627, 10, 552, 836, 481, 0, 2.89%, 0, 0, 8, 602.68
1555943632, 10, 718, 836, 480, 2, 2.89%, 0, 0, 8, 687.70
1555943637, 10, 835, 836, 479, 1, 2.89%, 0, 0, 8, 108.17
1555943652, 10, 835, 837, 480, 1, 2.89%, 0, 0, 8, 127.70
1555943663, 10, 836, 840, 482, 1, 2.89%, 0, 0, 8, 464.37
1555943668, 10, 836, 841, 483, 1, 2.89%, 0, 0, 8, 304.82
1555943673, 10, 836, 842, 484, 1, 2.89%, 0, 0, 8, 332.92
1555943693, 10, 844, 851, 492, 1, 2.89%, 0, 0, 8, 461.08
1555943709, 10, 848, 852, 492, 0, 2.89%, 0, 0, 8, 611.76
1555943714, 11, 11, 853, 492, 0, 2.89%, 0, 0, 8, 628.90
1555943719, 11, 34, 854, 493, 0, 2.89%, 0, 0, 8, 666.61
1555943724, 11, 60, 856, 492, 0, 2.89%, 0, 0, 8, 656.99
1555943729, 11, 81, 856, 492, 0, 2.89%, 0, 0, 8, 627.15
1555943734, 11, 160, 858, 492, 1, 2.98%, 0, 0, 8, 681.04
1555943739, 11, 688, 858, 491, 1, 2.98%, 0, 0, 8, 684.73
1555943754, 11, 777, 862, 494, 2, 2.98%, 0, 0, 8, 633.12
1555943765, 11, 856, 863, 494, 2, 2.98%, 0, 0, 8, 704.62
1555943770, 11, 860, 863, 493, 2, 2.98%, 0, 0, 8, 654.15
1555943775, 11, 862, 864, 493, 1, 2.98%, 0, 0, 8, 674.81
1555943780, 11, 862, 865, 494, 1, 2.98%, 0, 0, 8, 673.36
1555943790, 12, 23, 867, 495, 1, 2.98%, 0, 0, 8, 693.85
1555943795, 12, 500, 867, 495, 1, 2.98%, 0, 0, 8, 688.46
1555943800, 12, 730, 867, 495, 1, 2.98%, 0, 0, 8, 692.35
1555943810, 12, 772, 868, 495, 1, 2.98%, 0, 0, 8, 693.16
1555943826, 12, 865, 868, 494, 1, 2.98%, 0, 0, 8, 699.66
1555943831, 12, 866, 868, 493, 0, 2.98%, 0, 0, 8, 74.05
1555943846, 13, 13, 874, 498, 0, 2.98%, 0, 0, 8, 404.25
1555943851, 13, 29, 874, 496, 0, 2.98%, 0, 0, 8, 635.97
1555943856, 13, 61, 874, 494, 0, 2.98%, 0, 0, 8, 712.55
1555943861, 13, 77, 876, 495, 0, 2.98%, 0, 0, 8, 669.00
1555943866, 13, 93, 878, 495, 0, 2.98%, 0, 0, 8, 504.73
1555943872, 13, 153, 879, 496, 0, 2.98%, 0, 0, 8, 639.32
1555943877, 13, 177, 879, 494, 0, 2.98%, 0, 0, 8, 646.31
1555943882, 13, 216, 879, 492, 0, 2.98%, 0, 0, 8, 652.67
1555943887, 13, 247, 879, 488, 0, 2.98%, 0, 0, 8, 695.19
1555943892, 13, 271, 880, 488, 0, 2.98%, 0, 0, 8, 712.26
1555943897, 13, 286, 881, 489, 0, 2.98%, 0, 0, 8, 715.50
1555943902, 13, 310, 882, 488, 0, 2.98%, 0, 0, 8, 647.37
1555943907, 13, 332, 882, 484, 0, 2.98%, 0, 0, 8, 654.72
1555943912, 13, 438, 883, 484, 1, 2.99%, 0, 0, 8, 626.19
1555943917, 13, 648, 883, 483, 1, 2.99%, 0, 0, 8, 571.84
1555943922, 14, 11, 884, 481, 0, 2.99%, 0, 0, 8, 661.59
1555943927, 14, 359, 888, 485, 2, 2.99%, 0, 0, 8, 646.96
1555943932, 14, 838, 895, 491, 4, 3.00%, 0, 0, 8, 717.67
1555943937, 14, 838, 896, 492, 4, 3.00%, 0, 0, 8, 769.87
1555943942, 14, 892, 898, 491, 2, 3.00%, 0, 0, 8, 698.06
1555943947, 14, 892, 902, 495, 2, 3.00%, 0, 0, 8, 725.87
1555943958, 14, 901, 913, 504, 4, 3.01%, 0, 0, 8, 605.87
1555943963, 14, 904, 913, 502, 2, 3.01%, 0, 0, 8, 407.20
1555943968, 14, 904, 914, 503, 2, 3.01%, 0, 0, 8, 341.81
1555943973, 14, 908, 914, 501, 0, 3.01%, 0, 0, 8, 473.42
1555943978, 14, 908, 915, 502, 0, 3.01%, 0, 0, 8, 481.28
1555943983, 14, 914, 916, 502, 1, 3.01%, 0, 0, 8, 419.48
1555943988, 14, 914, 917, 503, 1, 3.01%, 0, 0, 8, 310.47
1555943993, 14, 917, 919, 504, 0, 3.01%, 0, 0, 8, 487.12
1555944003, 14, 918, 919, 503, 0, 3.01%, 0, 0, 8, 561.78
1555944008, 14, 918, 920, 504, 0, 3.01%, 0, 0, 8, 481.09
1555944024, 15, 15, 922, 505, 0, 3.01%, 0, 0, 8, 604.59
1555944029, 15, 39, 922, 504, 0, 3.01%, 0, 0, 8, 607.14
1555944034, 15, 71, 922, 503, 0, 3.01%, 0, 0, 8, 596.58
1555944039, 15, 88, 922, 501, 0, 3.01%, 0, 0, 8, 645.95
1555944044, 15, 167, 922, 499, 0, 3.01%, 0, 0, 8, 650.94
1555944049, 15, 188, 922, 498, 0, 3.01%, 0, 0, 8, 643.45
1555944054, 15, 247, 922, 493, 0, 3.01%, 0, 0, 8, 645.36
1555944059, 15, 271, 924, 494, 0, 3.01%, 0, 0, 8, 629.76
1555944064, 15, 293, 924, 492, 0, 3.01%, 0, 0, 8, 655.14
1555944070, 15, 320, 924, 489, 0, 3.01%, 0, 0, 8, 665.28
1555944075, 15, 331, 924, 486, 0, 3.01%, 0, 0, 8, 633.95
1555944080, 15, 346, 924, 483, 0, 3.01%, 0, 0, 8, 635.97
1555944085, 15, 360, 924, 482, 0, 3.01%, 0, 0, 8, 647.55
1555944090, 15, 367, 924, 478, 0, 3.01%, 0, 0, 8, 641.59
1555944095, 15, 376, 924, 474, 0, 3.01%, 0, 0, 8, 684.86
1555944100, 15, 382, 924, 474, 0, 3.01%, 0, 0, 8, 692.79
1555944105, 15, 546, 928, 477, 1, 3.01%, 0, 0, 8, 693.16
1555944110, 15, 829, 929, 477, 1, 3.01%, 0, 0, 8, 695.28
1555944115, 15, 841, 929, 476, 1, 3.01%, 0, 0, 8, 384.42
1555944120, 15, 841, 930, 477, 1, 3.01%, 0, 0, 8, 517.61
1555944125, 15, 924, 931, 477, 1, 3.01%, 0, 0, 8, 591.44
1555944131, 15, 926, 931, 476, 0, 3.01%, 0, 0, 8, 131.45
1555944136, 15, 926, 932, 477, 0, 3.01%, 0, 0, 8, 266.36
1555944141, 15, 933, 935, 478, 1, 3.02%, 0, 0, 8, 543.73
1555944146, 15, 933, 939, 482, 1, 3.02%, 0, 0, 8, 640.43
1555944151, 15, 933, 940, 483, 1, 3.02%, 0, 0, 8, 651.41
1555944161, 15, 934, 941, 483, 3, 3.02%, 0, 0, 8, 722.95
1555944167, 15, 934, 942, 484, 3, 3.02%, 0, 0, 8, 724.62
1555944177, 15, 934, 946, 488, 3, 3.02%, 0, 0, 8, 385.23
1555944182, 15, 935, 948, 489, 2, 3.02%, 0, 0, 8, 530.62
1555944187, 15, 935, 949, 490, 2, 3.02%, 0, 0, 8, 696.49
1555944192, 15, 935, 950, 491, 2, 3.02%, 0, 0, 8, 703.41
1555944197, 15, 935, 952, 493, 2, 3.02%, 0, 0, 8, 671.50
1555944202, 15, 947, 953, 493, 2, 3.02%, 0, 0, 8, 578.80
1555944208, 15, 947, 954, 494, 2, 3.02%, 0, 0, 8, 733.51
1555944213, 15, 948, 954, 493, 1, 3.02%, 0, 0, 8, 694.32
1555944218, 15, 948, 955, 494, 1, 3.02%, 0, 0, 8, 578.04
1555944223, 15, 954, 955, 493, 1, 3.02%, 0, 0, 8, 654.87
1555944233, 16, 29, 956, 492, 0, 3.02%, 0, 0, 8, 682.38
1555944238, 16, 49, 957, 492, 0, 3.02%, 0, 0, 8, 648.26
1555944243, 16, 61, 959, 493, 0, 3.02%, 0, 0, 8, 666.70
1555944248, 16, 83, 960, 492, 0, 3.02%, 0, 0, 8, 648.34
1555944253, 16, 96, 960, 491, 0, 3.02%, 0, 0, 8, 678.54
1555944258, 16, 123, 960, 489, 0, 3.02%, 0, 0, 8, 628.97
1555944263, 16, 146, 961, 489, 0, 3.02%, 0, 0, 8, 638.75
1555944269, 16, 219, 961, 488, 0, 3.02%, 0, 0, 8, 671.71
1555944274, 16, 269, 961, 487, 0, 3.02%, 0, 0, 8, 642.30
1555944279, 16, 301, 961, 487, 0, 3.02%, 0, 0, 8, 683.22
1555944284, 16, 336, 961, 485, 0, 3.02%, 0, 0, 8, 696.81
1555944289, 16, 353, 961, 484, 0, 3.02%, 0, 0, 8, 683.93
1555944294, 16, 385, 961, 484, 0, 3.02%, 0, 0, 8, 684.34
1555944299, 16, 397, 961, 481, 0, 3.02%, 0, 0, 8, 665.92
1555944304, 16, 409, 961, 478, 0, 3.02%, 0, 0, 8, 678.45
1555944309, 16, 420, 961, 476, 0, 3.02%, 0, 0, 8, 659.97
1555944314, 16, 434, 961, 475, 0, 3.02%, 0, 0, 8, 633.86
1555944320, 16, 444, 964, 477, 0, 3.02%, 0, 0, 8, 636.29
1555944325, 16, 454, 965, 476, 0, 3.02%, 0, 0, 8, 622.22
1555944330, 16, 464, 965, 474, 0, 3.02%, 0, 0, 8, 624.56
1555944335, 16, 477, 965, 474, 0, 3.02%, 0, 0, 8, 627.39
1555944340, 16, 486, 965, 472, 0, 3.02%, 0, 0, 8, 556.45
1555944345, 16, 496, 965, 468, 0, 3.02%, 0, 0, 8, 603.13
1555944350, 16, 505, 965, 468, 0, 3.02%, 0, 0, 8, 646.23
1555944355, 16, 507, 965, 467, 0, 3.02%, 0, 0, 8, 624.10
1555944360, 16, 511, 965, 466, 0, 3.02%, 0, 0, 8, 671.91
1555944366, 16, 532, 965, 466, 0, 3.02%, 0, 0, 8, 667.48
1555944371, 16, 539, 965, 464, 0, 3.02%, 0, 0, 8, 630.32
1555944376, 16, 556, 965, 462, 0, 3.02%, 0, 0, 8, 670.78
1555944381, 16, 621, 966, 462, 1, 3.03%, 0, 0, 8, 597.91
1555944386, 16, 921, 966, 461, 1, 3.03%, 0, 0, 8, 628.66
1555944391, 16, 931, 966, 460, 1, 3.03%, 0, 0, 8, 490.13
1555944396, 17, 7, 966, 458, 0, 3.03%, 0, 0, 8, 654.30
1555944401, 17, 35, 966, 457, 0, 3.03%, 0, 0, 8, 657.35
1555944406, 17, 61, 966, 457, 0, 3.03%, 0, 0, 8, 641.71
1555944411, 17, 98, 966, 457, 0, 3.03%, 0, 0, 8, 625.52
1555944417, 17, 147, 966, 455, 0, 3.03%, 0, 0, 8, 636.50
1555944422, 17, 207, 966, 454, 0, 3.03%, 0, 0, 8, 630.24
1555944427, 17, 247, 966, 451, 0, 3.03%, 0, 0, 8, 647.53
1555944432, 17, 266, 966, 450, 0, 3.03%, 0, 0, 8, 676.24
1555944437, 17, 286, 966, 450, 0, 3.03%, 0, 0, 8, 690.34
1555944442, 17, 307, 966, 448, 0, 3.03%, 0, 0, 8, 668.26
1555944447, 17, 346, 966, 447, 0, 3.03%, 0, 0, 8, 675.25
1555944452, 17, 376, 966, 446, 0, 3.03%, 0, 0, 8, 683.88
1555944457, 17, 396, 967, 446, 0, 3.03%, 0, 0, 8, 642.14
1555944463, 17, 406, 967, 444, 0, 3.03%, 0, 0, 8, 671.04
1555944468, 17, 413, 967, 444, 0, 3.03%, 0, 0, 8, 594.57
1555944473, 17, 424, 967, 441, 0, 3.03%, 0, 0, 8, 653.14
1555944478, 17, 441, 967, 440, 0, 3.03%, 0, 0, 8, 638.86
1555944483, 17, 450, 967, 439, 0, 3.03%, 0, 0, 8, 686.06
1555944488, 17, 464, 967, 437, 0, 3.03%, 0, 0, 8, 684.41
1555944493, 17, 476, 967, 437, 0, 3.03%, 0, 0, 8, 697.68
1555944498, 17, 494, 967, 436, 0, 3.03%, 0, 0, 8, 716.44
1555944503, 17, 501, 967, 435, 0, 3.03%, 0, 0, 8, 706.25
1555944508, 17, 555, 968, 434, 1, 3.03%, 0, 0, 8, 678.08
1555944513, 17, 679, 968, 434, 1, 3.03%, 0, 0, 8, 578.29
1555944529, 17, 820, 968, 434, 1, 3.03%, 0, 0, 8, 539.34
1555944539, 17, 888, 969, 434, 1, 3.03%, 0, 0, 8, 491.59
1555944549, 17, 894, 969, 433, 1, 3.03%, 0, 0, 8, 680.97
1555944554, 17, 904, 969, 432, 1, 3.03%, 0, 0, 8, 543.52
1555944559, 18, 13, 971, 433, 0, 3.03%, 0, 0, 8, 659.80
1555944564, 18, 60, 971, 433, 0, 3.03%, 0, 0, 8, 657.54
1555944569, 18, 81, 971, 433, 0, 3.03%, 0, 0, 8, 634.55
1555944575, 18, 123, 971, 431, 0, 3.03%, 0, 0, 8, 635.08
1555944580, 18, 187, 971, 430, 0, 3.03%, 0, 0, 8, 640.64
1555944585, 18, 247, 971, 427, 0, 3.03%, 0, 0, 8, 652.64
1555944590, 18, 269, 971, 427, 0, 3.03%, 0, 0, 8, 681.31
1555944595, 18, 294, 971, 426, 0, 3.03%, 0, 0, 8, 703.22
1555944600, 18, 337, 971, 424, 0, 3.03%, 0, 0, 8, 665.80
1555944605, 18, 368, 971, 423, 0, 3.03%, 0, 0, 8, 682.09
1555944610, 18, 376, 971, 422, 0, 3.03%, 0, 0, 8, 663.27
1555944615, 18, 381, 971, 422, 0, 3.03%, 0, 0, 8, 681.66
1555944620, 18, 406, 971, 421, 0, 3.03%, 0, 0, 8, 658.88
1555944625, 18, 449, 972, 421, 1, 3.03%, 0, 0, 8, 677.55
1555944630, 18, 574, 972, 421, 1, 3.03%, 0, 0, 8, 565.77
1555944635, 18, 587, 972, 420, 1, 3.03%, 0, 0, 8, 575.70
1555944640, 18, 733, 972, 419, 1, 3.03%, 0, 0, 8, 309.95
1555944650, 18, 971, 972, 418, 1, 3.03%, 0, 0, 8, 561.41
1555944655, 19, 37, 972, 417, 0, 3.03%, 0, 0, 8, 607.23
1555944661, 19, 63, 972, 416, 0, 3.03%, 0, 0, 8, 619.13
1555944666, 19, 86, 973, 416, 0, 3.03%, 0, 0, 8, 578.24
1555944671, 19, 124, 973, 416, 0, 3.03%, 0, 0, 8, 632.07
1555944676, 19, 172, 973, 416, 0, 3.03%, 0, 0, 8, 620.11
1555944681, 19, 206, 973, 415, 0, 3.03%, 0, 0, 8, 634.13
1555944686, 19, 248, 973, 414, 0, 3.03%, 0, 0, 8, 653.43
1555944691, 19, 269, 973, 413, 0, 3.03%, 0, 0, 8, 668.91
1555944696, 19, 294, 973, 413, 0, 3.03%, 0, 0, 8, 717.08
1555944702, 19, 303, 973, 413, 0, 3.03%, 0, 0, 8, 642.27
1555944707, 19, 346, 973, 410, 0, 3.03%, 0, 0, 8, 707.69
1555944712, 19, 362, 973, 409, 0, 3.03%, 0, 0, 8, 663.93
1555944717, 19, 379, 974, 408, 0, 3.03%, 0, 0, 8, 669.40
1555944722, 19, 386, 974, 406, 0, 3.03%, 0, 0, 8, 658.25
1555944727, 19, 422, 974, 405, 0, 3.03%, 0, 0, 8, 693.60
1555944732, 19, 435, 974, 404, 0, 3.03%, 0, 0, 8, 615.37
1555944737, 19, 448, 974, 402, 0, 3.03%, 0, 0, 8, 638.12
1555944742, 19, 461, 974, 401, 0, 3.03%, 0, 0, 8, 627.58
1555944747, 19, 475, 974, 401, 0, 3.03%, 0, 0, 8, 675.82
1555944752, 19, 481, 974, 401, 0, 3.03%, 0, 0, 8, 686.94
1555944758, 19, 482, 974, 400, 0, 3.03%, 0, 0, 8, 588.48
1555944763, 19, 502, 974, 399, 0, 3.03%, 0, 0, 8, 631.62
1555944768, 19, 509, 975, 400, 0, 3.03%, 0, 0, 8, 617.71
1555944773, 19, 510, 975, 399, 0, 3.03%, 0, 0, 8, 684.55
1555944778, 19, 513, 976, 399, 0, 3.03%, 0, 0, 8, 615.96
1555944783, 19, 539, 976, 399, 0, 3.03%, 0, 0, 8, 673.70
1555944788, 19, 562, 976, 398, 0, 3.03%, 0, 0, 8, 659.56
1555944793, 19, 580, 977, 398, 0, 3.03%, 0, 0, 8, 690.35
1555944798, 19, 589, 977, 397, 0, 3.03%, 0, 0, 8, 662.10
1555944803, 19, 601, 977, 397, 0, 3.03%, 0, 0, 8, 662.37
1555944808, 19, 603, 977, 396, 0, 3.03%, 0, 0, 8, 557.90
1555944813, 19, 609, 977, 395, 0, 3.03%, 0, 0, 8, 588.58
1555944818, 19, 614, 977, 394, 0, 3.03%, 0, 0, 8, 643.80
1555944823, 19, 615, 977, 393, 0, 3.03%, 0, 0, 8, 622.66
1555944828, 19, 619, 977, 393, 0, 3.03%, 0, 0, 8, 706.36
1555944833, 19, 625, 978, 393, 0, 3.03%, 0, 0, 8, 692.88
1555944839, 19, 626, 978, 392, 0, 3.03%, 0, 0, 8, 698.29
1555944844, 19, 633, 978, 391, 0, 3.03%, 0, 0, 8, 685.94
1555944849, 19, 644, 978, 390, 0, 3.03%, 0, 0, 8, 636.22
1555944854, 19, 649, 978, 389, 0, 3.03%, 0, 0, 8, 584.99
1555944864, 19, 653, 979, 389, 0, 3.03%, 0, 0, 8, 695.07
1555944869, 19, 657, 979, 389, 0, 3.03%, 0, 0, 8, 648.47
1555944874, 19, 855, 981, 390, 1, 3.03%, 0, 0, 8, 611.11
1555944884, 19, 980, 981, 389, 1, 3.03%, 0, 0, 8, 647.86
1555944895, 20, 48, 981, 388, 0, 3.03%, 0, 0, 8, 661.77
1555944900, 20, 74, 981, 387, 0, 3.03%, 0, 0, 8, 642.53
1555944905, 20, 116, 981, 386, 0, 3.03%, 0, 0, 8, 533.55
1555944910, 20, 129, 981, 385, 0, 3.03%, 0, 0, 8, 680.83
1555944915, 20, 168, 981, 384, 0, 3.03%, 0, 0, 8, 591.87
1555944920, 20, 208, 981, 383, 0, 3.03%, 0, 0, 8, 591.85
1555944925, 20, 264, 982, 383, 0, 3.03%, 0, 0, 8, 630.11
1555944930, 20, 425, 982, 382, 1, 3.03%, 0, 0, 8, 626.06
1555944935, 20, 665, 982, 381, 1, 3.03%, 0, 0, 8, 621.99
1555944945, 20, 745, 982, 379, 1, 3.03%, 0, 0, 8, 371.42
1555944956, 20, 842, 982, 377, 1, 3.03%, 0, 0, 8, 471.83
1555944966, 20, 858, 982, 376, 1, 3.03%, 0, 0, 8, 630.89
1555944971, 20, 934, 982, 375, 1, 3.03%, 0, 0, 8, 717.34
1555944981, 20, 981, 983, 376, 1, 3.03%, 0, 0, 8, 645.90
1555944986, 20, 981, 984, 377, 1, 3.03%, 0, 0, 8, 672.87
1555944991, 20, 981, 987, 380, 1, 3.03%, 0, 0, 8, 578.94
1555944996, 20, 981, 990, 382, 0, 3.03%, 0, 0, 8, 706.17
1555945001, 20, 992, 996, 388, 1, 3.05%, 0, 0, 8, 604.13
1555945007, 20, 994, 997, 388, 0, 3.05%, 0, 0, 8, 657.64
1555945012, 21, 26, 997, 387, 0, 3.05%, 0, 0, 8, 708.30
1555945017, 21, 71, 997, 387, 0, 3.05%, 0, 0, 8, 665.79
1555945022, 21, 101, 997, 386, 0, 3.05%, 0, 0, 8, 671.84
1555945027, 21, 140, 997, 385, 0, 3.05%, 0, 0, 8, 635.47
1555945032, 21, 167, 997, 383, 0, 3.05%, 0, 0, 8, 640.55
1555945037, 21, 182, 997, 382, 0, 3.05%, 0, 0, 8, 631.29
1555945042, 21, 264, 997, 381, 0, 3.05%, 0, 0, 8, 680.83
1555945047, 21, 281, 997, 381, 0, 3.05%, 0, 0, 8, 644.15
1555945052, 21, 302, 997, 381, 0, 3.05%, 0, 0, 8, 629.22
1555945058, 21, 336, 997, 380, 0, 3.05%, 0, 0, 8, 634.10
1555945063, 21, 355, 997, 380, 0, 3.05%, 0, 0, 8, 689.47
1555945068, 21, 379, 997, 379, 0, 3.05%, 0, 0, 8, 652.64
1555945073, 21, 401, 997, 379, 0, 3.05%, 0, 0, 8, 706.62
1555945078, 21, 415, 997, 377, 0, 3.05%, 0, 0, 8, 677.85
1555945083, 21, 431, 999, 378, 0, 3.05%, 0, 0, 8, 599.63
1555945088, 21, 444, 999, 376, 0, 3.05%, 0, 0, 8, 667.99
1555945093, 21, 465, 1000, 376, 0, 3.05%, 0, 0, 8, 675.75
1555945099, 21, 483, 1000, 376, 0, 3.05%, 0, 0, 8, 713.28
1555945104, 21, 502, 1000, 374, 0, 3.05%, 0, 0, 8, 688.53
1555945109, 21, 517, 1000, 373, 0, 3.05%, 0, 0, 8, 686.54
1555945114, 21, 527, 1000, 371, 0, 3.05%, 0, 0, 8, 677.93
1555945119, 21, 536, 1000, 369, 0, 3.05%, 0, 0, 8, 654.58
1555945124, 21, 560, 1000, 367, 0, 3.05%, 0, 0, 8, 683.13
1555945129, 21, 570, 1000, 367, 0, 3.05%, 0, 0, 8, 635.77
1555945134, 21, 573, 1000, 366, 0, 3.05%, 0, 0, 8, 608.11
1555945144, 21, 583, 1000, 364, 0, 3.05%, 0, 0, 8, 611.68
1555945149, 21, 594, 1001, 363, 0, 3.05%, 0, 0, 8, 673.96
1555945160, 21, 602, 1001, 362, 0, 3.05%, 0, 0, 8, 623.11
1555945165, 21, 616, 1001, 360, 0, 3.05%, 0, 0, 8, 686.50
1555945170, 21, 618, 1001, 360, 0, 3.05%, 0, 0, 8, 601.83
1555945175, 21, 622, 1001, 359, 0, 3.05%, 0, 0, 8, 546.12
1555945185, 21, 623, 1001, 358, 0, 3.05%, 0, 0, 8, 645.47
1555945190, 21, 627, 1001, 357, 0, 3.05%, 0, 0, 8, 618.32
1555945200, 21, 632, 1001, 356, 0, 3.05%, 0, 0, 8, 708.16
1555945205, 21, 637, 1001, 355, 0, 3.05%, 0, 0, 8, 675.36
1555945210, 21, 638, 1001, 354, 0, 3.05%, 0, 0, 8, 598.96
1555945221, 21, 653, 1002, 354, 0, 3.05%, 0, 0, 8, 680.93
1555945226, 21, 661, 1002, 354, 0, 3.05%, 0, 0, 8, 660.43
1555945231, 21, 662, 1002, 353, 0, 3.05%, 0, 0, 8, 636.52
1555945236, 21, 663, 1002, 353, 0, 3.05%, 0, 0, 8, 654.44
1555945241, 21, 666, 1002, 351, 0, 3.05%, 0, 0, 8, 655.11
1555945251, 21, 686, 1002, 350, 0, 3.05%, 0, 0, 8, 527.10
1555945256, 21, 690, 1002, 349, 0, 3.05%, 0, 0, 8, 453.81
1555945266, 21, 692, 1002, 348, 0, 3.05%, 0, 0, 8, 507.18
1555945271, 21, 695, 1002, 347, 0, 3.05%, 0, 0, 8, 575.04
1555945281, 21, 700, 1002, 346, 0, 3.05%, 0, 0, 8, 384.15
1555945292, 21, 701, 1002, 345, 0, 3.05%, 0, 0, 8, 476.10
1555945302, 21, 709, 1002, 344, 0, 3.05%, 0, 0, 8, 644.94
1555945307, 21, 713, 1003, 345, 0, 3.05%, 0, 0, 8, 702.35
1555945312, 21, 901, 1003, 345, 1, 3.05%, 0, 0, 8, 744.22
1555945317, 21, 964, 1003, 345, 1, 3.05%, 0, 0, 8, 600.20
1555945322, 21, 1002, 1003, 344, 1, 3.05%, 0, 0, 8, 625.11
1555945327, 22, 11, 1003, 343, 0, 3.05%, 0, 0, 8, 627.05
1555945333, 22, 48, 1003, 343, 0, 3.05%, 0, 0, 8, 653.86
1555945338, 22, 71, 1003, 343, 0, 3.05%, 0, 0, 8, 623.08
1555945343, 22, 107, 1003, 343, 0, 3.05%, 0, 0, 8, 619.45
1555945348, 22, 147, 1003, 343, 0, 3.05%, 0, 0, 8, 642.31
1555945353, 22, 175, 1003, 343, 0, 3.05%, 0, 0, 8, 618.53
1555945358, 22, 214, 1003, 343, 0, 3.05%, 0, 0, 8, 618.29
1555945363, 22, 247, 1003, 343, 0, 3.05%, 0, 0, 8, 653.69
1555945368, 22, 277, 1003, 343, 0, 3.05%, 0, 0, 8, 671.40
1555945373, 22, 313, 1004, 344, 0, 3.05%, 0, 0, 8, 681.14
1555945378, 22, 361, 1004, 344, 0, 3.05%, 0, 0, 8, 682.85
1555945384, 22, 379, 1004, 344, 0, 3.05%, 0, 0, 8, 678.29
1555945389, 22, 422, 1004, 344, 0, 3.05%, 0, 0, 8, 680.51
1555945394, 22, 434, 1004, 344, 0, 3.05%, 0, 0, 8, 706.21
1555945399, 22, 456, 1004, 344, 0, 3.05%, 0, 0, 8, 671.57
1555945404, 22, 465, 1004, 344, 0, 3.05%, 0, 0, 8, 636.67
1555945409, 22, 487, 1004, 344, 0, 3.05%, 0, 0, 8, 705.19
1555945414, 22, 506, 1004, 343, 0, 3.05%, 0, 0, 8, 709.21
1555945419, 22, 506, 1005, 344, 0, 3.05%, 0, 0, 8, 526.17
1555945424, 22, 517, 1005, 342, 0, 3.05%, 0, 0, 8, 615.47
1555945429, 22, 528, 1005, 340, 0, 3.05%, 0, 0, 8, 630.44
1555945434, 22, 551, 1005, 337, 0, 3.05%, 0, 0, 8, 706.82
1555945439, 22, 556, 1005, 336, 0, 3.05%, 0, 0, 8, 615.37
1555945444, 22, 577, 1005, 335, 0, 3.05%, 0, 0, 8, 657.94
1555945449, 22, 578, 1005, 334, 0, 3.05%, 0, 0, 8, 678.28
1555945454, 22, 587, 1006, 334, 0, 3.05%, 0, 0, 8, 642.60
1555945460, 22, 593, 1008, 336, 0, 3.05%, 0, 0, 8, 661.17
1555945465, 22, 597, 1008, 335, 0, 3.05%, 0, 0, 8, 588.66
1555945470, 22, 599, 1008, 334, 0, 3.05%, 0, 0, 8, 584.85
1555945475, 22, 605, 1008, 333, 0, 3.05%, 0, 0, 8, 573.47
1555945480, 22, 612, 1008, 332, 0, 3.05%, 0, 0, 8, 667.49
1555945485, 22, 613, 1008, 331, 0, 3.05%, 0, 0, 8, 661.87
1555945490, 22, 620, 1008, 330, 0, 3.05%, 0, 0, 8, 662.41
1555945501, 22, 634, 1008, 329, 0, 3.05%, 0, 0, 8, 670.61
1555945511, 22, 635, 1008, 328, 0, 3.05%, 0, 0, 8, 650.74
1555945516, 22, 636, 1008, 327, 0, 3.05%, 0, 0, 8, 622.15
1555945521, 22, 636, 1009, 328, 0, 3.05%, 0, 0, 8, 581.70
1555945526, 22, 643, 1009, 327, 0, 3.05%, 0, 0, 8, 550.31
1555945531, 22, 650, 1009, 326, 0, 3.05%, 0, 0, 8, 611.26
1555945541, 22, 652, 1009, 325, 0, 3.05%, 0, 0, 8, 671.69
1555945547, 22, 655, 1009, 325, 0, 3.05%, 0, 0, 8, 718.50
1555945552, 22, 662, 1009, 324, 0, 3.05%, 0, 0, 8, 782.31
1555945557, 22, 671, 1009, 323, 0, 3.05%, 0, 0, 8, 622.19
1555945562, 22, 676, 1009, 322, 0, 3.05%, 0, 0, 8, 597.20
1555945572, 22, 677, 1009, 321, 0, 3.05%, 0, 0, 8, 526.00
1555945582, 22, 684, 1009, 320, 0, 3.05%, 0, 0, 8, 97.49
1555945597, 22, 691, 1009, 319, 0, 3.05%, 0, 0, 8, 335.03
1555945608, 22, 693, 1009, 318, 0, 3.05%, 0, 0, 8, 258.95
1555945618, 22, 696, 1009, 317, 0, 3.05%, 0, 0, 8, 551.81
1555945628, 22, 697, 1009, 316, 0, 3.05%, 0, 0, 8, 391.20
1555945638, 22, 698, 1009, 315, 0, 3.05%, 0, 0, 8, 272.17
1555945648, 22, 699, 1009, 314, 0, 3.05%, 0, 0, 8, 318.57
1555945658, 22, 700, 1009, 313, 0, 3.05%, 0, 0, 8, 352.72
1555945669, 22, 718, 1009, 312, 0, 3.05%, 0, 0, 8, 710.94
1555945674, 22, 719, 1009, 312, 0, 3.05%, 0, 0, 8, 679.94
1555945679, 22, 720, 1009, 312, 0, 3.05%, 0, 0, 8, 586.38
1555945684, 22, 722, 1010, 312, 0, 3.05%, 0, 0, 8, 663.71
1555945689, 22, 726, 1010, 312, 0, 3.05%, 0, 0, 8, 611.25
1555945694, 22, 731, 1010, 311, 0, 3.05%, 0, 0, 8, 598.55
1555945709, 22, 734, 1010, 310, 0, 3.05%, 0, 0, 8, 420.14
1555945725, 22, 735, 1010, 309, 0, 3.05%, 0, 0, 8, 375.66
1555945740, 22, 740, 1010, 308, 0, 3.05%, 0, 0, 8, 386.65
1555945756, 22, 741, 1010, 307, 0, 3.05%, 0, 0, 8, 144.95
1555945766, 22, 743, 1010, 306, 0, 3.05%, 0, 0, 8, 467.84
1555945781, 22, 744, 1010, 305, 0, 3.05%, 0, 0, 8, 345.84
1555945796, 22, 753, 1010, 304, 0, 3.05%, 0, 0, 8, 235.03
1555945811, 22, 754, 1010, 303, 0, 3.05%, 0, 0, 8, 232.40
1555945822, 22, 756, 1010, 302, 0, 3.05%, 0, 0, 8, 449.33
1555945832, 22, 760, 1010, 302, 0, 3.05%, 0, 0, 8, 545.02
1555945837, 22, 762, 1010, 301, 0, 3.05%, 0, 0, 8, 578.27
1555945852, 22, 764, 1010, 300, 0, 3.05%, 0, 0, 8, 535.81
1555945857, 22, 775, 1010, 298, 0, 3.05%, 0, 0, 8, 581.43
1555945867, 22, 776, 1010, 297, 0, 3.05%, 0, 0, 8, 474.21
1555945878, 22, 782, 1010, 296, 0, 3.05%, 0, 0, 8, 427.22
1555945888, 22, 787, 1010, 295, 0, 3.05%, 0, 0, 8, 628.63
1555945893, 22, 790, 1010, 294, 0, 3.05%, 0, 0, 8, 547.71
1555945913, 22, 802, 1012, 294, 0, 3.05%, 0, 0, 8, 694.94
1555945918, 22, 807, 1012, 292, 0, 3.05%, 0, 0, 8, 686.62
1555945923, 22, 810, 1012, 291, 0, 3.05%, 0, 0, 8, 668.81
1555945928, 22, 812, 1012, 290, 0, 3.05%, 0, 0, 8, 613.95
1555945933, 22, 816, 1012, 289, 0, 3.05%, 0, 0, 8, 403.42
1555945954, 22, 817, 1012, 288, 0, 3.05%, 0, 0, 8, 669.97
1555945964, 22, 823, 1012, 287, 0, 3.05%, 0, 0, 8, 644.83
1555945969, 22, 826, 1012, 286, 0, 3.05%, 0, 0, 8, 373.44
1555945979, 22, 834, 1012, 285, 0, 3.05%, 0, 0, 8, 465.37
1555945990, 22, 851, 1012, 284, 0, 3.05%, 0, 0, 8, 506.28
1555946000, 22, 852, 1012, 283, 0, 3.05%, 0, 0, 8, 529.74
1555946005, 22, 856, 1012, 282, 0, 3.05%, 0, 0, 8, 603.73
1555946010, 22, 863, 1012, 282, 0, 3.05%, 0, 0, 8, 690.34
1555946020, 22, 865, 1012, 281, 0, 3.05%, 0, 0, 8, 662.76
1555946025, 22, 873, 1012, 281, 0, 3.05%, 0, 0, 8, 545.19
1555946030, 22, 877, 1012, 280, 0, 3.05%, 0, 0, 8, 343.56
1555946051, 22, 940, 1013, 280, 1, 3.05%, 0, 0, 8, 666.92
1555946061, 22, 950, 1013, 279, 1, 3.05%, 0, 0, 8, 676.86
1555946076, 22, 987, 1013, 278, 1, 3.05%, 0, 0, 8, 430.63
1555946086, 22, 1012, 1013, 277, 1, 3.05%, 0, 0, 8, 690.24
1555946091, 23, 29, 1014, 277, 0, 3.05%, 0, 0, 8, 638.25
1555946097, 23, 71, 1014, 277, 0, 3.05%, 0, 0, 8, 620.96
1555946102, 23, 86, 1014, 277, 0, 3.05%, 0, 0, 8, 580.37
1555946107, 23, 153, 1014, 277, 0, 3.05%, 0, 0, 8, 615.29
1555946112, 23, 208, 1014, 277, 0, 3.05%, 0, 0, 8, 611.40
1555946117, 23, 254, 1014, 277, 0, 3.05%, 0, 0, 8, 634.69
1555946122, 23, 277, 1014, 277, 0, 3.05%, 0, 0, 8, 679.41
1555946127, 23, 337, 1014, 277, 0, 3.05%, 0, 0, 8, 678.28
1555946133, 23, 379, 1014, 277, 0, 3.05%, 0, 0, 8, 668.76
1555946138, 23, 406, 1014, 276, 0, 3.05%, 0, 0, 8, 660.98
1555946143, 23, 422, 1014, 276, 0, 3.05%, 0, 0, 8, 673.94
1555946148, 23, 1014, 1015, 277, 1, 3.05%, 0, 0, 8, 733.83
1555946153, 24, 13, 1015, 276, 0, 3.05%, 0, 0, 8, 665.59
1555946158, 24, 61, 1015, 276, 0, 3.05%, 0, 0, 8, 601.55
1555946163, 24, 95, 1015, 276, 0, 3.05%, 0, 0, 8, 581.34
1555946168, 24, 156, 1015, 276, 0, 3.05%, 0, 0, 8, 654.16
1555946173, 24, 188, 1015, 276, 0, 3.05%, 0, 0, 8, 629.08
1555946178, 24, 254, 1015, 275, 0, 3.05%, 0, 0, 8, 636.27
1555946184, 24, 275, 1015, 275, 0, 3.05%, 0, 0, 8, 669.03
1555946189, 24, 324, 1015, 274, 0, 3.05%, 0, 0, 8, 713.79
1555946194, 24, 346, 1015, 272, 0, 3.05%, 0, 0, 8, 689.32
1555946199, 24, 371, 1015, 271, 0, 3.05%, 0, 0, 8, 642.79
1555946204, 24, 382, 1015, 271, 0, 3.05%, 0, 0, 8, 689.88
1555946209, 24, 409, 1015, 270, 0, 3.05%, 0, 0, 8, 685.30
1555946214, 24, 422, 1015, 270, 0, 3.05%, 0, 0, 8, 690.84
1555946219, 24, 447, 1015, 269, 0, 3.05%, 0, 0, 8, 666.98
1555946224, 24, 472, 1015, 269, 0, 3.05%, 0, 0, 8, 718.80
1555946229, 24, 502, 1015, 269, 0, 3.05%, 0, 0, 8, 681.59
1555946234, 24, 544, 1015, 268, 0, 3.05%, 0, 0, 8, 649.79
1555946239, 24, 561, 1015, 267, 0, 3.05%, 0, 0, 8, 672.95
1555946245, 24, 565, 1015, 266, 0, 3.05%, 0, 0, 8, 457.06
1555946250, 24, 569, 1015, 263, 0, 3.05%, 0, 0, 8, 613.45
1555946255, 24, 576, 1015, 263, 0, 3.05%, 0, 0, 8, 658.47
1555946260, 24, 588, 1015, 262, 0, 3.05%, 0, 0, 8, 621.72
1555946265, 24, 608, 1015, 261, 0, 3.05%, 0, 0, 8, 605.69
1555946270, 24, 630, 1015, 260, 0, 3.05%, 0, 0, 8, 647.22
1555946275, 24, 651, 1015, 259, 0, 3.05%, 0, 0, 8, 721.44
1555946285, 24, 656, 1015, 258, 0, 3.05%, 0, 0, 8, 738.92
1555946290, 24, 661, 1015, 257, 0, 3.05%, 0, 0, 8, 746.17
1555946295, 24, 675, 1015, 257, 0, 3.05%, 0, 0, 8, 646.02
1555946306, 24, 680, 1015, 257, 0, 3.05%, 0, 0, 8, 607.01
1555946316, 24, 681, 1015, 256, 0, 3.05%, 0, 0, 8, 560.56
1555946326, 24, 687, 1015, 256, 0, 3.05%, 0, 0, 8, 493.74
1555946336, 24, 694, 1015, 255, 0, 3.05%, 0, 0, 8, 566.60
1555946341, 24, 709, 1015, 254, 0, 3.05%, 0, 0, 8, 647.63
1555946346, 24, 712, 1015, 254, 0, 3.05%, 0, 0, 8, 709.34
1555946351, 24, 721, 1016, 253, 0, 3.05%, 0, 0, 8, 726.47
1555946356, 24, 726, 1016, 253, 0, 3.05%, 0, 0, 8, 689.00
1555946362, 24, 727, 1016, 253, 0, 3.05%, 0, 0, 8, 629.32
1555946367, 24, 742, 1016, 252, 0, 3.05%, 0, 0, 8, 112.79
1555946377, 24, 746, 1016, 251, 0, 3.05%, 0, 0, 8, 485.79
1555946387, 24, 751, 1016, 250, 0, 3.05%, 0, 0, 8, 497.09
1555946403, 24, 752, 1016, 249, 0, 3.05%, 0, 0, 8, 375.52
1555946413, 24, 756, 1016, 248, 0, 3.05%, 0, 0, 8, 474.18
1555946418, 24, 767, 1016, 248, 0, 3.05%, 0, 0, 8, 282.33
1555946423, 24, 770, 1016, 247, 0, 3.05%, 0, 0, 8, 401.85
