# unix_time, cycles_done, cur_path, paths_total, pending_total, pending_favs, map_size, unique_crashes, unique_hangs, max_depth, execs_per_sec
1555942429, 0, 0, 11, 11, 1, 0.09%, 0, 0, 1, 1955.56
1555942435, 0, 8, 29, 29, 1, 0.13%, 0, 0, 2, 2198.80
1555942440, 0, 8, 30, 30, 1, 0.13%, 0, 0, 2, 2165.54
1555942445, 0, 11, 31, 30, 7, 0.13%, 0, 0, 2, 2190.82
1555942450, 1, 1, 31, 23, 0, 0.13%, 0, 0, 2, 2237.38
1555942455, 1, 16, 32, 18, 0, 0.13%, 0, 0, 2, 2200.38
1555942460, 1, 19, 32, 17, 0, 0.13%, 0, 0, 2, 2209.76
1555942466, 1, 19, 36, 21, 0, 0.13%, 0, 0, 3, 2141.25
1555942471, 1, 19, 37, 22, 0, 0.13%, 0, 0, 3, 2042.82
1555942481, 1, 30, 37, 20, 0, 0.13%, 0, 0, 3, 2089.61
1555942486, 1, 31, 37, 19, 0, 0.13%, 0, 0, 3, 2040.02
1555942491, 1, 31, 39, 21, 0, 0.13%, 0, 0, 3, 2023.48
1555942496, 1, 37, 39, 20, 0, 0.13%, 0, 0, 3, 2002.88
1555942502, 2, 12, 39, 18, 0, 0.13%, 0, 0, 3, 2015.10
1555942507, 2, 26, 39, 17, 0, 0.13%, 0, 0, 3, 1933.54
1555942512, 2, 29, 39, 16, 0, 0.13%, 0, 0, 3, 1953.38
1555942517, 2, 33, 39, 15, 0, 0.13%, 0, 0, 3, 1953.32
1555942522, 2, 38, 39, 14, 0, 0.13%, 0, 0, 3, 1912.49
1555942532, 3, 39, 43, 16, 1, 0.15%, 0, 0, 3, 1856.07
1555942537, 3, 39, 47, 20, 1, 0.15%, 0, 0, 3, 1909.97
1555942542, 3, 39, 48, 21, 1, 0.17%, 0, 0, 3, 1904.98
1555942552, 3, 41, 49, 21, 3, 0.17%, 0, 0, 3, 1931.68
1555942557, 3, 42, 52, 23, 2, 0.17%, 0, 0, 3, 1867.18
1555942567, 3, 53, 54, 23, 1, 0.19%, 0, 0, 3, 1841.99
1555942572, 4, 2, 55, 22, 0, 0.19%, 0, 0, 4, 1931.48
1555942577, 4, 25, 57, 23, 0, 0.19%, 0, 0, 4, 1921.77
1555942582, 4, 35, 57, 22, 0, 0.19%, 0, 0, 4, 1958.19
1555942593, 4, 45, 57, 21, 0, 0.19%, 0, 0, 4, 1904.88
1555942598, 4, 46, 57, 20, 0, 0.19%, 0, 0, 4, 1847.59
1555942603, 4, 55, 57, 19, 0, 0.19%, 0, 0, 4, 1887.18
1555942608, 4, 56, 57, 18, 0, 0.19%, 0, 0, 4, 1903.24
1555942618, 5, 47, 57, 17, 0, 0.19%, 0, 0, 4, 1914.46
1555942623, 6, 12, 57, 16, 0, 0.19%, 0, 0, 4, 1928.80
1555942628, 6, 48, 57, 16, 0, 0.19%, 0, 0, 4, 1949.47
1555942633, 6, 52, 57, 15, 0, 0.19%, 0, 0, 4, 1890.99
1555942638, 6, 54, 57, 14, 0, 0.19%, 0, 0, 4, 1949.15
1555942643, 6, 54, 58, 15, 0, 0.19%, 0, 0, 5, 1920.25
1555942648, 7, 28, 59, 15, 0, 0.19%, 0, 0, 5, 1879.68
1555942653, 7, 32, 59, 14, 0, 0.19%, 0, 0, 5, 1883.99
1555942664, 7, 36, 59, 13, 0, 0.19%, 0, 0, 5, 1906.61
1555942669, 7, 43, 59, 12, 0, 0.19%, 0, 0, 5, 1905.59
1555942674, 7, 44, 59, 11, 0, 0.19%, 0, 0, 5, 1905.20
1555942679, 7, 59, 60, 11, 0, 0.19%, 0, 0, 5, 1850.31
1555942689, 7, 59, 61, 12, 0, 0.19%, 0, 0, 5, 1934.61
1555942694, 7, 59, 62, 13, 0, 0.19%, 0, 0, 5, 1907.43
1555942699, 7, 60, 62, 12, 0, 0.19%, 0, 0, 5, 1802.48
1555942715, 8, 37, 62, 11, 0, 0.19%, 0, 0, 5, 1850.30
1555942720, 9, 21, 62, 11, 0, 0.19%, 0, 0, 5, 1812.51
1555942725, 9, 40, 62, 10, 0, 0.19%, 0, 0, 5, 1832.13
1555942735, 9, 41, 62, 9, 0, 0.19%, 0, 0, 5, 1905.25
1555942740, 9, 58, 62, 9, 0, 0.19%, 0, 0, 5, 1792.58
1555942750, 10, 3, 62, 8, 0, 0.19%, 0, 0, 5, 1788.18
1555942755, 10, 23, 62, 7, 0, 0.19%, 0, 0, 5, 1811.97
1555942760, 10, 38, 62, 6, 0, 0.19%, 0, 0, 5, 1787.99
1555942765, 10, 51, 62, 6, 0, 0.19%, 0, 0, 5, 1802.11
1555942770, 11, 48, 62, 5, 0, 0.19%, 0, 0, 5, 1721.38
1555942775, 11, 57, 62, 5, 0, 0.19%, 0, 0, 5, 1803.38
1555942785, 12, 13, 62, 4, 0, 0.19%, 0, 0, 5, 1739.19
1555942791, 13, 15, 62, 4, 0, 0.19%, 0, 0, 5, 1855.50
1555942796, 13, 41, 62, 3, 0, 0.19%, 0, 0, 5, 1761.31
1555942801, 14, 50, 62, 3, 0, 0.19%, 0, 0, 5, 1772.82
1555942811, 14, 61, 62, 2, 0, 0.19%, 0, 0, 5, 1776.13
1555942826, 14, 61, 63, 3, 0, 0.19%, 0, 0, 5, 1791.07
1555942831, 15, 34, 63, 2, 0, 0.19%, 0, 0, 5, 1803.91
1555942841, 15, 62, 63, 1, 0, 0.19%, 0, 0, 5, 1793.22
1555942861, 16, 11, 63, 0, 0, 0.19%, 0, 0, 5, 1785.03
1555942866, 16, 57, 63, 0, 0, 0.19%, 0, 0, 5, 1784.72
1555942871, 17, 53, 63, 0, 0, 0.19%, 0, 0, 5, 1822.50
1555942876, 18, 62, 63, 0, 0, 0.19%, 0, 0, 5, 1669.00
1555942881, 19, 47, 63, 0, 0, 0.19%, 0, 0, 5, 1644.23
1555942887, 20, 42, 63, 0, 0, 0.19%, 0, 0, 5, 1603.47
1555942892, 21, 12, 63, 0, 0, 0.19%, 0, 0, 5, 1556.33
1555942897, 22, 12, 63, 0, 0, 0.19%, 0, 0, 5, 1588.25
1555942902, 23, 12, 63, 0, 0, 0.19%, 0, 0, 5, 1617.42
1555942907, 24, 13, 63, 0, 0, 0.19%, 0, 0, 5, 1601.76
1555942912, 25, 15, 63, 0, 0, 0.19%, 0, 0, 5, 1542.33
1555942917, 26, 15, 63, 0, 0, 0.19%, 0, 0, 5, 1613.17
1555942922, 27, 11, 63, 0, 0, 0.19%, 0, 0, 5, 1611.22
1555942927, 28, 13, 63, 0, 0, 0.19%, 0, 0, 5, 1583.44
1555942932, 29, 12, 63, 0, 0, 0.19%, 0, 0, 5, 1561.43
1555942937, 30, 16, 63, 0, 0, 0.19%, 0, 0, 5, 1622.08
1555942942, 31, 25, 63, 0, 0, 0.19%, 0, 0, 5, 1656.75
1555942947, 32, 13, 63, 0, 0, 0.19%, 0, 0, 5, 1642.88
1555942953, 33, 15, 63, 0, 0, 0.19%, 0, 0, 5, 1653.64
1555942958, 34, 15, 63, 0, 0, 0.19%, 0, 0, 5, 1593.95
1555942963, 35, 16, 63, 0, 0, 0.19%, 0, 0, 5, 1587.10
1555942968, 36, 13, 63, 0, 0, 0.19%, 0, 0, 5, 1597.88
1555942973, 36, 61, 63, 0, 0, 0.19%, 0, 0, 5, 1632.03
1555942979, 37, 47, 63, 0, 0, 0.19%, 0, 0, 5, 1647.49
1555942984, 38, 53, 63, 0, 0, 0.19%, 0, 0, 5, 1628.77
1555942989, 39, 47, 63, 0, 0, 0.19%, 0, 0, 5, 1598.51
1555942994, 40, 42, 63, 0, 0, 0.19%, 0, 0, 5, 1579.30
1555942999, 41, 34, 63, 0, 0, 0.19%, 0, 0, 5, 1573.86
1555943004, 42, 41, 63, 0, 0, 0.19%, 0, 0, 5, 1609.61
1555943009, 43, 32, 63, 0, 0, 0.19%, 0, 0, 5, 1618.59
1555943014, 44, 42, 63, 0, 0, 0.19%, 0, 0, 5, 1602.92
1555943019, 45, 15, 63, 0, 0, 0.19%, 0, 0, 5, 1622.67
1555943025, 46, 12, 63, 0, 0, 0.19%, 0, 0, 5, 1630.42
1555943030, 46, 53, 63, 0, 0, 0.19%, 0, 0, 5, 1631.53
1555943035, 48, 12, 64, 1, 0, 0.19%, 0, 0, 5, 1630.46
1555943040, 48, 55, 65, 2, 0, 0.19%, 0, 0, 5, 1643.73
1555943045, 49, 41, 65, 2, 0, 0.19%, 0, 0, 5, 1641.67
1555943050, 49, 63, 66, 3, 0, 0.19%, 0, 0, 5, 1575.89
1555943086, 49, 63, 67, 4, 0, 0.19%, 0, 0, 5, 1648.14
1555943091, 49, 64, 68, 4, 0, 0.19%, 0, 0, 5, 1632.42
1555943147, 49, 64, 69, 5, 0, 0.19%, 0, 0, 5, 1536.85
1555943152, 50, 42, 70, 5, 0, 0.19%, 0, 0, 5, 1516.60
1555943157, 50, 65, 70, 5, 0, 0.19%, 0, 0, 5, 1615.41
1555943177, 50, 67, 70, 4, 0, 0.19%, 0, 0, 5, 1627.38
1555943289, 51, 11, 70, 3, 0, 0.19%, 0, 0, 5, 1664.65
1555943294, 51, 53, 70, 3, 0, 0.19%, 0, 0, 5, 1745.78
1555943299, 51, 69, 70, 3, 0, 0.19%, 0, 0, 5, 1781.07
1555943320, 52, 15, 70, 2, 0, 0.19%, 0, 0, 5, 1876.38
1555943325, 53, 29, 70, 2, 0, 0.19%, 0, 0, 5, 2006.73
1555943330, 53, 68, 70, 2, 0, 0.19%, 0, 0, 5, 2010.19
1555943477, 54, 15, 70, 1, 0, 0.19%, 0, 0, 5, 1968.82
1555943482, 55, 42, 70, 1, 0, 0.19%, 0, 0, 5, 2012.43
1555943488, 55, 66, 70, 1, 0, 0.19%, 0, 0, 5, 1970.81
1555943610, 56, 9, 70, 0, 0, 0.19%, 0, 0, 5, 1945.83
1555943615, 57, 12, 70, 0, 0, 0.19%, 0, 0, 5, 1944.63
1555943620, 58, 13, 70, 0, 0, 0.19%, 0, 0, 5, 1915.44
1555943626, 59, 12, 70, 0, 0, 0.19%, 0, 0, 5, 1874.33
1555943631, 60, 13, 70, 0, 0, 0.19%, 0, 0, 5, 1844.52
1555943636, 61, 13, 70, 0, 0, 0.19%, 0, 0, 5, 1976.33
1555943641, 62, 13, 70, 0, 0, 0.19%, 0, 0, 5, 2005.43
1555943646, 63, 47, 70, 0, 0, 0.19%, 0, 0, 5, 2005.38
1555943651, 64, 15, 70, 0, 0, 0.19%, 0, 0, 5, 2007.88
1555943656, 65, 41, 70, 0, 0, 0.19%, 0, 0, 5, 2047.67
1555943661, 66, 49, 70, 0, 0, 0.19%, 0, 0, 5, 2016.03
1555943666, 68, 12, 70, 0, 0, 0.19%, 0, 0, 5, 2006.36
1555943672, 69, 1, 70, 0, 0, 0.19%, 0, 0, 5, 1946.54
1555943677, 70, 12, 70, 0, 0, 0.19%, 0, 0, 5, 1939.99
1555943682, 71, 13, 70, 0, 0, 0.19%, 0, 0, 5, 2010.57
1555943687, 71, 66, 70, 0, 0, 0.19%, 0, 0, 5, 1899.62
1555943692, 72, 53, 70, 0, 0, 0.19%, 0, 0, 5, 1919.03
1555943697, 73, 53, 70, 0, 0, 0.19%, 0, 0, 5, 1941.02
1555943702, 75, 15, 70, 0, 0, 0.19%, 0, 0, 5, 1911.69
1555943707, 75, 63, 70, 0, 0, 0.19%, 0, 0, 5, 1994.14
1555943712, 77, 11, 70, 0, 0, 0.19%, 0, 0, 5, 1965.36
1555943718, 78, 13, 70, 0, 0, 0.19%, 0, 0, 5, 2014.37
1555943723, 78, 68, 70, 0, 0, 0.19%, 0, 0, 5, 1931.20
1555943728, 79, 58, 70, 0, 0, 0.19%, 0, 0, 5, 2002.82
1555943733, 80, 59, 70, 0, 0, 0.19%, 0, 0, 5, 2019.37
1555943738, 81, 54, 70, 0, 0, 0.19%, 0, 0, 5, 2014.87
1555943743, 83, 13, 70, 0, 0, 0.19%, 0, 0, 5, 1981.15
1555943748, 84, 13, 70, 0, 0, 0.19%, 0, 0, 5, 2017.56
1555943753, 85, 41, 70, 0, 0, 0.19%, 0, 0, 5, 2029.90
1555943758, 86, 42, 70, 0, 0, 0.19%, 0, 0, 5, 1961.86
1555943763, 87, 12, 70, 0, 0, 0.19%, 0, 0, 5, 2008.40
1555943768, 88, 15, 70, 0, 0, 0.19%, 0, 0, 5, 1908.32
1555943774, 89, 19, 70, 0, 0, 0.19%, 0, 0, 5, 1882.50
1555943779, 89, 68, 70, 0, 0, 0.19%, 0, 0, 5, 1817.41
1555943784, 91, 13, 70, 0, 0, 0.19%, 0, 0, 5, 1965.12
1555943789, 91, 67, 70, 0, 0, 0.19%, 0, 0, 5, 2001.65
1555943794, 92, 53, 70, 0, 0, 0.19%, 0, 0, 5, 2019.32
1555943799, 93, 68, 70, 0, 0, 0.19%, 0, 0, 5, 1949.54
1555943804, 94, 42, 70, 0, 0, 0.19%, 0, 0, 5, 1924.90
1555943809, 94, 63, 70, 0, 0, 0.19%, 0, 0, 5, 1996.88
1555943814, 96, 12, 70, 0, 0, 0.19%, 0, 0, 5, 2019.16
1555943819, 97, 13, 70, 0, 0, 0.19%, 0, 0, 5, 2017.42
1555943825, 98, 13, 70, 0, 0, 0.19%, 0, 0, 5, 2020.51
1555943830, 99, 13, 70, 0, 0, 0.19%, 0, 0, 5, 2028.15
1555943835, 100, 15, 70, 0, 0, 0.19%, 0, 0, 5, 1996.90
1555943840, 101, 16, 70, 0, 0, 0.19%, 0, 0, 5, 2018.23
1555943845, 102, 15, 70, 0, 0, 0.19%, 0, 0, 5, 1933.58
1555943850, 103, 16, 70, 0, 0, 0.19%, 0, 0, 5, 1930.97
1555943855, 104, 16, 70, 0, 0, 0.19%, 0, 0, 5, 2007.03
1555943860, 105, 42, 70, 0, 0, 0.19%, 0, 0, 5, 1988.24
1555943866, 106, 42, 70, 0, 0, 0.19%, 0, 0, 5, 1987.86
1555943871, 107, 47, 70, 0, 0, 0.19%, 0, 0, 5, 2017.13
1555943876, 108, 53, 70, 0, 0, 0.19%, 0, 0, 5, 2028.03
1555943881, 109, 64, 70, 0, 0, 0.19%, 0, 0, 5, 1994.13
1555943886, 110, 53, 70, 0, 0, 0.19%, 0, 0, 5, 1995.73
1555943891, 112, 13, 70, 0, 0, 0.19%, 0, 0, 5, 2018.64
1555943897, 113, 42, 70, 0, 0, 0.19%, 0, 0, 5, 2024.10
1555943902, 114, 54, 70, 0, 0, 0.19%, 0, 0, 5, 1940.23
1555943907, 116, 13, 70, 0, 0, 0.19%, 0, 0, 5, 1990.01
1555943912, 117, 31, 70, 0, 0, 0.19%, 0, 0, 5, 1930.31
1555943917, 118, 39, 70, 0, 0, 0.19%, 0, 0, 5, 1862.95
1555943923, 119, 41, 70, 0, 0, 0.19%, 0, 0, 5, 1964.51
1555943928, 120, 47, 70, 0, 0, 0.19%, 0, 0, 5, 1960.39
1555943933, 121, 54, 70, 0, 0, 0.19%, 0, 0, 5, 2008.42
1555943938, 122, 54, 70, 0, 0, 0.19%, 0, 0, 5, 2023.43
1555943943, 123, 60, 70, 0, 0, 0.19%, 0, 0, 5, 1964.26
1555943948, 124, 57, 70, 0, 0, 0.19%, 0, 0, 5, 2008.57
1555943953, 125, 69, 70, 0, 0, 0.19%, 0, 0, 5, 1956.31
1555943959, 127, 13, 70, 0, 0, 0.19%, 0, 0, 5, 1962.47
1555943964, 128, 47, 70, 0, 0, 0.19%, 0, 0, 5, 2008.21
1555943969, 129, 42, 70, 0, 0, 0.19%, 0, 0, 5, 2021.93
1555943974, 130, 15, 70, 0, 0, 0.19%, 0, 0, 5, 1985.32
1555943979, 130, 65, 70, 0, 0, 0.19%, 0, 0, 5, 1980.48
1555943984, 131, 47, 70, 0, 0, 0.19%, 0, 0, 5, 1880.31
1555943989, 133, 10, 70, 0, 0, 0.19%, 0, 0, 5, 1897.59
1555943995, 133, 64, 70, 0, 0, 0.19%, 0, 0, 5, 1859.24
1555944000, 134, 50, 70, 0, 0, 0.19%, 0, 0, 5, 1792.08
1555944005, 136, 11, 70, 0, 0, 0.19%, 0, 0, 5, 1864.60
1555944010, 137, 13, 70, 0, 0, 0.19%, 0, 0, 5, 1922.68
1555944015, 138, 41, 70, 0, 0, 0.19%, 0, 0, 5, 1931.38
1555944020, 140, 11, 70, 0, 0, 0.19%, 0, 0, 5, 1969.31
1555944025, 141, 37, 70, 0, 0, 0.19%, 0, 0, 5, 1958.43
1555944030, 142, 11, 70, 0, 0, 0.19%, 0, 0, 5, 1977.78
1555944035, 143, 13, 70, 0, 0, 0.19%, 0, 0, 5, 1974.57
1555944041, 144, 16, 70, 0, 0, 0.19%, 0, 0, 5, 1944.27
1555944046, 145, 30, 70, 0, 0, 0.19%, 0, 0, 5, 1944.48
1555944051, 146, 53, 70, 0, 0, 0.19%, 0, 0, 5, 1928.48
1555944056, 147, 13, 70, 0, 0, 0.19%, 0, 0, 5, 1884.63
1555944061, 148, 30, 70, 0, 0, 0.19%, 0, 0, 5, 1911.60
1555944066, 149, 11, 70, 0, 0, 0.19%, 0, 0, 5, 1876.10
1555944072, 150, 13, 70, 0, 0, 0.19%, 0, 0, 5, 1894.80
1555944077, 151, 11, 70, 0, 0, 0.19%, 0, 0, 5, 1778.69
1555944082, 152, 15, 70, 0, 0, 0.19%, 0, 0, 5, 1880.33
1555944087, 153, 18, 70, 0, 0, 0.19%, 0, 0, 5, 1945.98
1555944092, 154, 47, 70, 0, 0, 0.19%, 0, 0, 5, 1942.17
1555944097, 155, 69, 70, 0, 0, 0.19%, 0, 0, 5, 1993.83
1555944102, 156, 56, 70, 0, 0, 0.19%, 0, 0, 5, 1999.42
1555944108, 157, 47, 70, 0, 0, 0.19%, 0, 0, 5, 1984.31
1555944113, 159, 13, 70, 0, 0, 0.19%, 0, 0, 5, 1989.15
1555944118, 160, 31, 70, 0, 0, 0.19%, 0, 0, 5, 1986.18
1555944123, 161, 2, 70, 0, 0, 0.19%, 0, 0, 5, 1973.30
1555944128, 162, 23, 70, 0, 0, 0.19%, 0, 0, 5, 1988.24
1555944133, 163, 47, 70, 0, 0, 0.19%, 0, 0, 5, 1952.48
1555944138, 164, 66, 70, 0, 0, 0.19%, 0, 0, 5, 1909.31
1555944143, 165, 46, 70, 0, 0, 0.19%, 0, 0, 5, 1840.03
1555944148, 166, 13, 70, 0, 0, 0.19%, 0, 0, 5, 1833.26
1555944154, 167, 15, 70, 0, 0, 0.19%, 0, 0, 5, 1851.14
1555944159, 168, 41, 70, 0, 0, 0.19%, 0, 0, 5, 1960.61
1555944164, 169, 53, 70, 0, 0, 0.19%, 0, 0, 5, 1981.63
1555944169, 171, 12, 70, 0, 0, 0.19%, 0, 0, 5, 1983.09
1555944174, 171, 65, 70, 0, 0, 0.19%, 0, 0, 5, 2008.21
1555944179, 172, 42, 70, 0, 0, 0.19%, 0, 0, 5, 1910.73
1555944184, 173, 47, 70, 0, 0, 0.19%, 0, 0, 5, 1956.27
1555944189, 175, 13, 70, 0, 0, 0.19%, 0, 0, 5, 1991.17
1555944195, 176, 41, 70, 0, 0, 0.19%, 0, 0, 5, 1946.61
1555944200, 177, 53, 70, 0, 0, 0.19%, 0, 0, 5, 1985.23
1555944205, 178, 63, 70, 0, 0, 0.19%, 0, 0, 5, 2008.04
1555944210, 179, 47, 70, 0, 0, 0.19%, 0, 0, 5, 1993.57
1555944215, 181, 11, 70, 0, 0, 0.19%, 0, 0, 5, 1966.55
1555944220, 182, 16, 70, 0, 0, 0.19%, 0, 0, 5, 1821.44
1555944225, 183, 16, 70, 0, 0, 0.19%, 0, 0, 5, 1801.35
1555944231, 184, 15, 70, 0, 0, 0.19%, 0, 0, 5, 1928.22
1555944236, 185, 41, 70, 0, 0, 0.19%, 0, 0, 5, 1992.60
1555944241, 185, 68, 70, 0, 0, 0.19%, 0, 0, 5, 1992.68
1555944246, 187, 15, 70, 0, 0, 0.19%, 0, 0, 5, 1996.27
1555944251, 188, 47, 70, 0, 0, 0.19%, 0, 0, 5, 1997.05
1555944256, 189, 16, 70, 0, 0, 0.19%, 0, 0, 5, 2002.18
1555944262, 190, 40, 70, 0, 0, 0.19%, 0, 0, 5, 1997.74
1555944267, 191, 46, 70, 0, 0, 0.19%, 0, 0, 5, 2009.19
1555944272, 192, 31, 70, 0, 0, 0.19%, 0, 0, 5, 1992.70
1555944277, 193, 41, 70, 0, 0, 0.19%, 0, 0, 5, 2000.84
1555944282, 194, 53, 70, 0, 0, 0.19%, 0, 0, 5, 1998.49
1555944287, 195, 16, 70, 0, 0, 0.19%, 0, 0, 5, 2013.22
1555944292, 196, 42, 70, 0, 0, 0.19%, 0, 0, 5, 1894.12
1555944297, 198, 11, 70, 0, 0, 0.19%, 0, 0, 5, 1983.89
1555944302, 199, 15, 70, 0, 0, 0.19%, 0, 0, 5, 1995.18
1555944308, 200, 42, 70, 0, 0, 0.19%, 0, 0, 5, 1964.64
1555944313, 201, 53, 70, 0, 0, 0.19%, 0, 0, 5, 2013.29
1555944318, 202, 15, 70, 0, 0, 0.19%, 0, 0, 5, 2012.38
1555944323, 203, 41, 70, 0, 0, 0.19%, 0, 0, 5, 1988.61
1555944328, 204, 42, 70, 0, 0, 0.19%, 0, 0, 5, 1907.90
1555944333, 205, 47, 70, 0, 0, 0.19%, 0, 0, 5, 1813.76
1555944338, 206, 16, 70, 0, 0, 0.19%, 0, 0, 5, 1930.82
1555944343, 207, 13, 70, 0, 0, 0.19%, 0, 0, 5, 1620.79
1555944348, 208, 16, 70, 0, 0, 0.19%, 0, 0, 5, 1758.70
1555944353, 209, 41, 70, 0, 0, 0.19%, 0, 0, 5, 1827.75
1555944359, 210, 42, 70, 0, 0, 0.19%, 0, 0, 5, 1847.46
1555944364, 211, 47, 70, 0, 0, 0.19%, 0, 0, 5, 1911.25
1555944369, 212, 63, 70, 0, 0, 0.19%, 0, 0, 5, 1927.86
1555944374, 213, 13, 70, 0, 0, 0.19%, 0, 0, 5, 1748.64
1555944379, 214, 13, 70, 0, 0, 0.19%, 0, 0, 5, 1860.92
1555944384, 215, 16, 70, 0, 0, 0.19%, 0, 0, 5, 1868.26
1555944389, 216, 16, 70, 0, 0, 0.19%, 0, 0, 5, 1912.52
1555944394, 217, 0, 70, 0, 0, 0.19%, 0, 0, 5, 1918.12
1555944399, 217, 42, 70, 0, 0, 0.19%, 0, 0, 5, 1854.88
1555944405, 218, 41, 70, 0, 0, 0.19%, 0, 0, 5, 1901.32
1555944410, 218, 65, 70, 0, 0, 0.19%, 0, 0, 5, 1924.73
1555944415, 220, 12, 70, 0, 0, 0.19%, 0, 0, 5, 1918.77
1555944420, 220, 65, 70, 0, 0, 0.19%, 0, 0, 5, 1841.78
1555944425, 221, 53, 70, 0, 0, 0.19%, 0, 0, 5, 1919.90
1555944430, 222, 48, 70, 0, 0, 0.19%, 0, 0, 5, 1926.41
1555944435, 223, 58, 70, 0, 0, 0.19%, 0, 0, 5, 1926.84
1555944440, 225, 12, 70, 0, 0, 0.19%, 0, 0, 5, 1916.18
1555944445, 226, 41, 70, 0, 0, 0.19%, 0, 0, 5, 1924.90
1555944450, 227, 53, 70, 0, 0, 0.19%, 0, 0, 5, 1927.98
1555944456, 229, 16, 70, 0, 0, 0.19%, 0, 0, 5, 1941.10
1555944461, 230, 16, 70, 0, 0, 0.19%, 0, 0, 5, 1921.20
1555944466, 231, 14, 70, 0, 0, 0.19%, 0, 0, 5, 1927.86
1555944471, 231, 68, 70, 0, 0, 0.19%, 0, 0, 5, 1923.47
1555944476, 232, 63, 70, 0, 0, 0.19%, 0, 0, 5, 1982.68
1555944481, 233, 15, 70, 0, 0, 0.19%, 0, 0, 5, 1943.53
1555944487, 234, 53, 70, 0, 0, 0.19%, 0, 0, 5, 1940.19
1555944492, 235, 47, 70, 0, 0, 0.19%, 0, 0, 5, 2002.86
1555944497, 236, 45, 70, 0, 0, 0.19%, 0, 0, 5, 2006.66
1555944502, 237, 50, 70, 0, 0, 0.19%, 0, 0, 5, 2011.62
1555944507, 238, 56, 70, 0, 0, 0.19%, 0, 0, 5, 1951.10
1555944512, 240, 16, 70, 0, 0, 0.19%, 0, 0, 5, 1977.72
1555944517, 241, 11, 70, 0, 0, 0.19%, 0, 0, 5, 1858.35
1555944522, 242, 13, 70, 0, 0, 0.19%, 0, 0, 5, 1876.71
1555944527, 242, 64, 70, 0, 0, 0.19%, 0, 0, 5, 1732.06
1555944533, 243, 53, 70, 0, 0, 0.19%, 0, 0, 5, 1903.84
1555944538, 245, 12, 70, 0, 0, 0.19%, 0, 0, 5, 1982.42
1555944543, 246, 16, 70, 0, 0, 0.19%, 0, 0, 5, 1935.48
1555944548, 247, 41, 70, 0, 0, 0.19%, 0, 0, 5, 1991.07
1555944553, 248, 65, 70, 0, 0, 0.19%, 0, 0, 5, 1972.39
1555944558, 249, 12, 70, 0, 0, 0.19%, 0, 0, 5, 1969.03
1555944563, 250, 40, 70, 0, 0, 0.19%, 0, 0, 5, 1999.15
1555944568, 251, 65, 70, 0, 0, 0.19%, 0, 0, 5, 2003.44
1555944573, 252, 41, 70, 0, 0, 0.19%, 0, 0, 5, 2012.85
1555944578, 253, 53, 70, 0, 0, 0.19%, 0, 0, 5, 1924.70
1555944583, 253, 65, 70, 0, 0, 0.19%, 0, 0, 5, 1612.38
1555944589, 254, 16, 70, 0, 0, 0.19%, 0, 0, 5, 1893.40
1555944594, 255, 16, 70, 0, 0, 0.19%, 0, 0, 5, 1956.08
1555944599, 256, 47, 70, 0, 0, 0.19%, 0, 0, 5, 1963.16
1555944604, 257, 15, 70, 0, 0, 0.19%, 0, 0, 5, 1911.04
1555944609, 258, 41, 70, 0, 0, 0.19%, 0, 0, 5, 1990.78
1555944614, 259, 47, 70, 0, 0, 0.19%, 0, 0, 5, 1990.43
1555944620, 260, 13, 70, 0, 0, 0.19%, 0, 0, 5, 1910.11
1555944625, 260, 67, 70, 0, 0, 0.19%, 0, 0, 5, 1944.61
1555944630, 261, 47, 70, 0, 0, 0.19%, 0, 0, 5, 1898.14
1555944635, 263, 15, 70, 0, 0, 0.19%, 0, 0, 5, 1938.53
1555944640, 264, 15, 70, 0, 0, 0.19%, 0, 0, 5, 1871.42
1555944645, 265, 15, 70, 0, 0, 0.19%, 0, 0, 5, 1944.79
1555944650, 265, 67, 70, 0, 0, 0.19%, 0, 0, 5, 1956.30
1555944656, 266, 43, 70, 0, 0, 0.19%, 0, 0, 5, 1980.08
1555944661, 267, 47, 70, 0, 0, 0.19%, 0, 0, 5, 1922.87
1555944666, 268, 59, 70, 0, 0, 0.19%, 0, 0, 5, 1917.77
1555944671, 270, 13, 70, 0, 0, 0.19%, 0, 0, 5, 1942.13
1555944676, 271, 33, 70, 0, 0, 0.19%, 0, 0, 5, 1960.88
1555944681, 272, 42, 70, 0, 0, 0.19%, 0, 0, 5, 1930.19
1555944686, 273, 42, 70, 0, 0, 0.19%, 0, 0, 5, 1978.66
1555944691, 274, 47, 70, 0, 0, 0.19%, 0, 0, 5, 2001.03
1555944697, 275, 42, 70, 0, 0, 0.19%, 0, 0, 5, 2020.65
1555944702, 277, 11, 70, 0, 0, 0.19%, 0, 0, 5, 1957.96
1555944707, 278, 24, 70, 0, 0, 0.19%, 0, 0, 5, 1993.99
1555944712, 279, 12, 70, 0, 0, 0.19%, 0, 0, 5, 1985.82
1555944717, 280, 13, 70, 0, 0, 0.19%, 0, 0, 5, 1945.71
1555944722, 281, 16, 70, 0, 0, 0.19%, 0, 0, 5, 1926.51
1555944727, 282, 42, 70, 0, 0, 0.19%, 0, 0, 5, 1906.95
1555944732, 283, 49, 70, 0, 0, 0.19%, 0, 0, 5, 1838.89
1555944738, 284, 69, 70, 0, 0, 0.19%, 0, 0, 5, 1896.22
1555944743, 285, 52, 70, 0, 0, 0.19%, 0, 0, 5, 1883.35
1555944748, 286, 68, 70, 0, 0, 0.19%, 0, 0, 5, 1938.96
1555944753, 287, 41, 70, 0, 0, 0.19%, 0, 0, 5, 1978.58
1555944758, 288, 53, 70, 0, 0, 0.19%, 0, 0, 5, 1990.11
1555944763, 289, 55, 70, 0, 0, 0.19%, 0, 0, 5, 1977.57
1555944768, 291, 15, 70, 0, 0, 0.19%, 0, 0, 5, 2008.88
1555944774, 291, 68, 70, 0, 0, 0.19%, 0, 0, 5, 2001.74
1555944779, 293, 11, 70, 0, 0, 0.19%, 0, 0, 5, 1991.43
1555944784, 294, 15, 70, 0, 0, 0.19%, 0, 0, 5, 2011.53
1555944789, 295, 41, 70, 0, 0, 0.19%, 0, 0, 5, 1962.63
1555944794, 296, 47, 70, 0, 0, 0.19%, 0, 0, 5, 1993.38
1555944799, 297, 47, 70, 0, 0, 0.19%, 0, 0, 5, 1993.09
1555944804, 298, 68, 70, 0, 0, 0.19%, 0, 0, 5, 2005.19
1555944809, 299, 15, 70, 0, 0, 0.19%, 0, 0, 5, 2003.38
1555944814, 300, 42, 70, 0, 0, 0.19%, 0, 0, 5, 2014.13
1555944819, 301, 31, 70, 0, 0, 0.19%, 0, 0, 5, 1963.48
1555944824, 302, 53, 70, 0, 0, 0.19%, 0, 0, 5, 1990.41
1555944829, 304, 13, 70, 0, 0, 0.19%, 0, 0, 5, 2001.08
1555944834, 305, 15, 70, 0, 0, 0.19%, 0, 0, 5, 2019.71
1555944840, 306, 41, 70, 0, 0, 0.19%, 0, 0, 5, 1985.85
1555944845, 307, 53, 70, 0, 0, 0.19%, 0, 0, 5, 2009.17
1555944850, 308, 54, 70, 0, 0, 0.19%, 0, 0, 5, 2015.04
1555944855, 309, 21, 70, 0, 0, 0.19%, 0, 0, 5, 1986.89
1555944860, 310, 41, 70, 0, 0, 0.19%, 0, 0, 5, 1994.86
1555944865, 311, 27, 70, 0, 0, 0.19%, 0, 0, 5, 1955.82
1555944870, 312, 41, 70, 0, 0, 0.19%, 0, 0, 5, 1859.91
1555944875, 313, 53, 70, 0, 0, 0.19%, 0, 0, 5, 1864.33
1555944881, 314, 66, 70, 0, 0, 0.19%, 0, 0, 5, 1890.40
1555944886, 315, 53, 70, 0, 0, 0.19%, 0, 0, 5, 1810.98
1555944891, 316, 63, 70, 0, 0, 0.19%, 0, 0, 5, 1931.69
1555944896, 318, 16, 70, 0, 0, 0.19%, 0, 0, 5, 1992.70
1555944901, 319, 42, 70, 0, 0, 0.19%, 0, 0, 5, 1982.16
1555944906, 320, 47, 70, 0, 0, 0.19%, 0, 0, 5, 1847.07
1555944911, 322, 11, 70, 0, 0, 0.19%, 0, 0, 5, 1866.88
1555944916, 323, 13, 70, 0, 0, 0.19%, 0, 0, 5, 1862.88
1555944921, 324, 42, 70, 0, 0, 0.19%, 0, 0, 5, 1875.76
1555944927, 325, 53, 70, 0, 0, 0.19%, 0, 0, 5, 1900.86
1555944932, 326, 12, 70, 0, 0, 0.19%, 0, 0, 5, 1869.67
1555944937, 327, 13, 70, 0, 0, 0.19%, 0, 0, 5, 1874.44
1555944942, 328, 32, 70, 0, 0, 0.19%, 0, 0, 5, 1962.18
1555944947, 330, 11, 70, 0, 0, 0.19%, 0, 0, 5, 1997.43
1555944952, 330, 68, 70, 0, 0, 0.19%, 0, 0, 5, 2001.60
1555944957, 332, 12, 70, 0, 0, 0.19%, 0, 0, 5, 2006.50
1555944962, 333, 45, 70, 0, 0, 0.19%, 0, 0, 5, 2001.99
1555944968, 334, 41, 70, 0, 0, 0.19%, 0, 0, 5, 2005.01
1555944973, 336, 12, 70, 0, 0, 0.19%, 0, 0, 5, 2008.33
1555944978, 337, 16, 70, 0, 0, 0.19%, 0, 0, 5, 1938.78
1555944983, 338, 13, 70, 0, 0, 0.19%, 0, 0, 5, 1825.39
1555944988, 338, 67, 70, 0, 0, 0.19%, 0, 0, 5, 1916.12
1555944993, 339, 47, 70, 0, 0, 0.19%, 0, 0, 5, 1978.24
1555944998, 340, 46, 70, 0, 0, 0.19%, 0, 0, 5, 1993.42
1555945003, 341, 39, 70, 0, 0, 0.19%, 0, 0, 5, 1991.88
1555945008, 342, 42, 70, 0, 0, 0.19%, 0, 0, 5, 1995.87
1555945013, 343, 42, 70, 0, 0, 0.19%, 0, 0, 5, 1999.81
1555945019, 344, 47, 70, 0, 0, 0.19%, 0, 0, 5, 2004.18
1555945024, 345, 66, 70, 0, 0, 0.19%, 0, 0, 5, 2004.75
1555945029, 346, 49, 70, 0, 0, 0.19%, 0, 0, 5, 2008.96
1555945034, 348, 11, 70, 0, 0, 0.19%, 0, 0, 5, 1999.32
1555945039, 349, 37, 70, 0, 0, 0.19%, 0, 0, 5, 1999.67
1555945044, 350, 43, 70, 0, 0, 0.19%, 0, 0, 5, 1979.70
1555945049, 351, 27, 70, 0, 0, 0.19%, 0, 0, 5, 1868.39
1555945055, 352, 46, 70, 0, 0, 0.19%, 0, 0, 5, 1940.69
1555945060, 353, 47, 70, 0, 0, 0.19%, 0, 0, 5, 1974.82
1555945065, 355, 13, 70, 0, 0, 0.19%, 0, 0, 5, 2000.15
1555945070, 356, 13, 70, 0, 0, 0.19%, 0, 0, 5, 2008.43
1555945075, 357, 15, 70, 0, 0, 0.19%, 0, 0, 5, 2000.26
1555945080, 358, 16, 70, 0, 0, 0.19%, 0, 0, 5, 1985.22
1555945085, 359, 53, 70, 0, 0, 0.19%, 0, 0, 5, 2003.33
1555945090, 360, 60, 70, 0, 0, 0.19%, 0, 0, 5, 2004.89
1555945095, 361, 54, 70, 0, 0, 0.19%, 0, 0, 5, 2000.04
1555945100, 363, 12, 70, 0, 0, 0.19%, 0, 0, 5, 1972.81
1555945106, 363, 65, 70, 0, 0, 0.19%, 0, 0, 5, 1997.87
1555945111, 365, 12, 70, 0, 0, 0.19%, 0, 0, 5, 1995.78
1555945116, 366, 16, 70, 0, 0, 0.19%, 0, 0, 5, 1932.66
1555945121, 367, 41, 70, 0, 0, 0.19%, 0, 0, 5, 1971.15
1555945126, 368, 53, 70, 0, 0, 0.19%, 0, 0, 5, 1989.64
1555945131, 370, 12, 70, 0, 0, 0.19%, 0, 0, 5, 1997.56
1555945136, 371, 37, 70, 0, 0, 0.19%, 0, 0, 5, 2009.05
1555945141, 372, 53, 70, 0, 0, 0.19%, 0, 0, 5, 1997.23
1555945147, 374, 12, 70, 0, 0, 0.19%, 0, 0, 5, 1983.05
1555945152, 375, 12, 70, 0, 0, 0.19%, 0, 0, 5, 1997.03
1555945157, 376, 41, 70, 0, 0, 0.19%, 0, 0, 5, 1984.20
1555945162, 377, 66, 70, 0, 0, 0.19%, 0, 0, 5, 1975.53
1555945167, 378, 54, 70, 0, 0, 0.19%, 0, 0, 5, 1998.03
1555945172, 379, 67, 70, 0, 0, 0.19%, 0, 0, 5, 1971.35
1555945177, 381, 13, 70, 0, 0, 0.19%, 0, 0, 5, 1975.93
1555945183, 382, 16, 70, 0, 0, 0.19%, 0, 0, 5, 1982.04
1555945188, 383, 46, 70, 0, 0, 0.19%, 0, 0, 5, 2001.27
1555945193, 384, 41, 70, 0, 0, 0.19%, 0, 0, 5, 1994.13
1555945198, 385, 43, 70, 0, 0, 0.19%, 0, 0, 5, 1998.28
1555945203, 387, 12, 70, 0, 0, 0.19%, 0, 0, 5, 1986.71
1555945208, 388, 15, 70, 0, 0, 0.19%, 0, 0, 5, 1993.63
1555945214, 389, 36, 70, 0, 0, 0.19%, 0, 0, 5, 2003.45
1555945219, 390, 42, 70, 0, 0, 0.19%, 0, 0, 5, 1993.22
1555945224, 391, 53, 70, 0, 0, 0.19%, 0, 0, 5, 1998.70
1555945229, 392, 47, 70, 0, 0, 0.19%, 0, 0, 5, 1955.37
1555945234, 393, 53, 70, 0, 0, 0.19%, 0, 0, 5, 1992.25
1555945239, 394, 66, 70, 0, 0, 0.19%, 0, 0, 5, 1959.39
1555945244, 395, 53, 70, 0, 0, 0.19%, 0, 0, 5, 1925.00
1555945249, 397, 15, 70, 0, 0, 0.19%, 0, 0, 5, 1985.00
1555945254, 398, 42, 70, 0, 0, 0.19%, 0, 0, 5, 2011.94
1555945259, 400, 11, 70, 0, 0, 0.19%, 0, 0, 5, 1958.60
1555945264, 401, 42, 70, 0, 0, 0.19%, 0, 0, 5, 1995.37
1555945270, 402, 47, 70, 0, 0, 0.19%, 0, 0, 5, 2007.22
1555945275, 403, 46, 70, 0, 0, 0.19%, 0, 0, 5, 1979.79
1555945280, 405, 12, 70, 0, 0, 0.19%, 0, 0, 5, 1989.38
1555945285, 406, 16, 70, 0, 0, 0.19%, 0, 0, 5, 2014.09
1555945290, 407, 41, 70, 0, 0, 0.19%, 0, 0, 5, 2010.63
1555945296, 408, 42, 70, 0, 0, 0.19%, 0, 0, 5, 2015.81
1555945301, 410, 11, 70, 0, 0, 0.19%, 0, 0, 5, 1966.82
1555945306, 411, 12, 70, 0, 0, 0.19%, 0, 0, 5, 2000.57
1555945311, 412, 16, 70, 0, 0, 0.19%, 0, 0, 5, 1973.19
1555945316, 413, 38, 70, 0, 0, 0.19%, 0, 0, 5, 1993.06
1555945321, 414, 42, 70, 0, 0, 0.19%, 0, 0, 5, 1970.37
1555945326, 415, 41, 70, 0, 0, 0.19%, 0, 0, 5, 2006.69
1555945331, 416, 47, 70, 0, 0, 0.19%, 0, 0, 5, 2004.72
1555945336, 418, 11, 70, 0, 0, 0.19%, 0, 0, 5, 2017.89
1555945342, 419, 16, 70, 0, 0, 0.19%, 0, 0, 5, 2001.47
1555945347, 420, 16, 70, 0, 0, 0.19%, 0, 0, 5, 2003.50
1555945352, 421, 13, 70, 0, 0, 0.19%, 0, 0, 5, 2001.10
1555945357, 422, 1, 70, 0, 0, 0.19%, 0, 0, 5, 1941.82
1555945362, 423, 12, 70, 0, 0, 0.19%, 0, 0, 5, 1963.84
1555945368, 424, 29, 70, 0, 0, 0.19%, 0, 0, 5, 1999.67
1555945373, 425, 38, 70, 0, 0, 0.19%, 0, 0, 5, 2007.20
1555945378, 426, 41, 70, 0, 0, 0.19%, 0, 0, 5, 1993.26
1555945383, 427, 47, 70, 0, 0, 0.19%, 0, 0, 5, 1938.50
1555945388, 429, 12, 70, 0, 0, 0.19%, 0, 0, 5, 1992.96
1555945393, 430, 23, 70, 0, 0, 0.19%, 0, 0, 5, 1998.84
1555945398, 431, 46, 70, 0, 0, 0.19%, 0, 0, 5, 1952.59
1555945404, 432, 30, 70, 0, 0, 0.19%, 0, 0, 5, 1921.30
1555945409, 433, 42, 70, 0, 0, 0.19%, 0, 0, 5, 1978.87
1555945414, 435, 11, 70, 0, 0, 0.19%, 0, 0, 5, 1988.32
1555945419, 436, 16, 70, 0, 0, 0.19%, 0, 0, 5, 1956.25
1555945424, 437, 16, 70, 0, 0, 0.19%, 0, 0, 5, 1968.03
1555945429, 438, 21, 70, 0, 0, 0.19%, 0, 0, 5, 1995.61
1555945434, 439, 39, 70, 0, 0, 0.19%, 0, 0, 5, 1994.50
1555945439, 440, 41, 70, 0, 0, 0.19%, 0, 0, 5, 1987.55
1555945445, 441, 41, 70, 0, 0, 0.19%, 0, 0, 5, 2001.31
1555945450, 442, 44, 70, 0, 0, 0.19%, 0, 0, 5, 1973.35
1555945455, 443, 42, 70, 0, 0, 0.19%, 0, 0, 5, 1975.31
1555945460, 444, 53, 70, 0, 0, 0.19%, 0, 0, 5, 1980.94
1555945465, 445, 66, 70, 0, 0, 0.19%, 0, 0, 5, 1958.29
1555945470, 446, 57, 70, 0, 0, 0.19%, 0, 0, 5, 1988.04
1555945475, 448, 13, 70, 0, 0, 0.19%, 0, 0, 5, 1957.92
1555945480, 449, 41, 70, 0, 0, 0.19%, 0, 0, 5, 1937.69
1555945485, 450, 47, 70, 0, 0, 0.19%, 0, 0, 5, 1905.46
1555945491, 451, 68, 70, 0, 0, 0.19%, 0, 0, 5, 1970.39
1555945496, 453, 1, 70, 0, 0, 0.19%, 0, 0, 5, 2003.31
1555945501, 454, 3, 70, 0, 0, 0.19%, 0, 0, 5, 1954.78
1555945506, 454, 66, 70, 0, 0, 0.19%, 0, 0, 5, 1950.63
1555945511, 456, 11, 70, 0, 0, 0.19%, 0, 0, 5, 1990.09
1555945516, 457, 15, 70, 0, 0, 0.19%, 0, 0, 5, 1933.86
1555945521, 458, 16, 70, 0, 0, 0.19%, 0, 0, 5, 1926.46
1555945526, 459, 13, 70, 0, 0, 0.19%, 0, 0, 5, 1887.93
1555945531, 460, 21, 70, 0, 0, 0.19%, 0, 0, 5, 1939.51
1555945536, 461, 16, 70, 0, 0, 0.19%, 0, 0, 5, 1931.24
1555945541, 462, 47, 70, 0, 0, 0.19%, 0, 0, 5, 1945.95
1555945546, 463, 53, 70, 0, 0, 0.19%, 0, 0, 5, 1940.26
1555945551, 464, 60, 70, 0, 0, 0.19%, 0, 0, 5, 1948.07
1555945557, 466, 16, 70, 0, 0, 0.19%, 0, 0, 5, 1991.05
1555945562, 467, 53, 70, 0, 0, 0.19%, 0, 0, 5, 1969.05
1555945567, 468, 41, 70, 0, 0, 0.19%, 0, 0, 5, 1975.59
1555945572, 469, 40, 70, 0, 0, 0.19%, 0, 0, 5, 1964.97
1555945577, 470, 41, 70, 0, 0, 0.19%, 0, 0, 5, 1975.61
1555945582, 471, 51, 70, 0, 0, 0.19%, 0, 0, 5, 1981.14
1555945587, 473, 12, 70, 0, 0, 0.19%, 0, 0, 5, 1984.82
1555945592, 474, 15, 70, 0, 0, 0.19%, 0, 0, 5, 2007.81
1555945597, 475, 23, 70, 0, 0, 0.19%, 0, 0, 5, 1915.49
1555945603, 476, 42, 70, 0, 0, 0.19%, 0, 0, 5, 1955.00
1555945608, 477, 58, 70, 0, 0, 0.19%, 0, 0, 5, 1986.75
1555945613, 479, 12, 70, 0, 0, 0.19%, 0, 0, 5, 2000.65
1555945618, 480, 36, 70, 0, 0, 0.19%, 0, 0, 5, 2007.78
1555945623, 481, 41, 70, 0, 0, 0.19%, 0, 0, 5, 1991.17
1555945629, 482, 21, 70, 0, 0, 0.19%, 0, 0, 5, 2009.10
1555945634, 483, 41, 70, 0, 0, 0.19%, 0, 0, 5, 1981.12
1555945639, 484, 42, 70, 0, 0, 0.19%, 0, 0, 5, 1994.83
1555945644, 485, 44, 70, 0, 0, 0.19%, 0, 0, 5, 1922.98
1555945649, 486, 53, 70, 0, 0, 0.19%, 0, 0, 5, 1888.87
1555945654, 487, 50, 70, 0, 0, 0.19%, 0, 0, 5, 1971.84
1555945659, 489, 12, 70, 0, 0, 0.19%, 0, 0, 5, 1924.07
1555945664, 490, 15, 70, 0, 0, 0.19%, 0, 0, 5, 1919.01
1555945669, 491, 42, 70, 0, 0, 0.19%, 0, 0, 5, 1979.44
1555945675, 492, 53, 70, 0, 0, 0.19%, 0, 0, 5, 1970.32
1555945680, 493, 60, 70, 0, 0, 0.19%, 0, 0, 5, 1976.63
1555945685, 495, 15, 70, 0, 0, 0.19%, 0, 0, 5, 1963.11
1555945690, 496, 42, 70, 0, 0, 0.19%, 0, 0, 5, 2003.44
1555945695, 497, 47, 70, 0, 0, 0.19%, 0, 0, 5, 1981.92
1555945700, 499, 12, 70, 0, 0, 0.19%, 0, 0, 5, 1956.03
1555945705, 500, 16, 70, 0, 0, 0.19%, 0, 0, 5, 2008.78
1555945710, 501, 16, 70, 0, 0, 0.19%, 0, 0, 5, 1997.09
1555945716, 502, 37, 70, 0, 0, 0.19%, 0, 0, 5, 1972.47
1555945721, 503, 41, 70, 0, 0, 0.19%, 0, 0, 5, 1994.30
1555945726, 504, 47, 70, 0, 0, 0.19%, 0, 0, 5, 2009.95
1555945731, 506, 11, 70, 0, 0, 0.19%, 0, 0, 5, 2012.98
1555945736, 507, 4, 70, 0, 0, 0.19%, 0, 0, 5, 1983.14
1555945741, 508, 16, 70, 0, 0, 0.19%, 0, 0, 5, 2003.96
1555945746, 509, 41, 70, 0, 0, 0.19%, 0, 0, 5, 1991.72
1555945752, 510, 53, 70, 0, 0, 0.19%, 0, 0, 5, 1984.65
1555945757, 512, 12, 70, 0, 0, 0.19%, 0, 0, 5, 1993.58
1555945762, 513, 15, 70, 0, 0, 0.19%, 0, 0, 5, 1980.92
1555945767, 514, 15, 70, 0, 0, 0.19%, 0, 0, 5, 1946.70
1555945772, 515, 11, 70, 0, 0, 0.19%, 0, 0, 5, 1899.39
1555945777, 516, 12, 70, 0, 0, 0.19%, 0, 0, 5, 1994.27
1555945782, 517, 15, 70, 0, 0, 0.19%, 0, 0, 5, 1912.75
1555945787, 518, 33, 70, 0, 0, 0.19%, 0, 0, 5, 1902.48
1555945792, 519, 42, 70, 0, 0, 0.19%, 0, 0, 5, 1977.84
1555945797, 520, 60, 70, 0, 0, 0.19%, 0, 0, 5, 2010.40
1555945802, 521, 53, 70, 0, 0, 0.19%, 0, 0, 5, 1934.12
1555945808, 523, 11, 70, 0, 0, 0.19%, 0, 0, 5, 1990.44
1555945813, 524, 13, 70, 0, 0, 0.19%, 0, 0, 5, 1946.15
1555945818, 525, 15, 70, 0, 0, 0.19%, 0, 0, 5, 1920.70
1555945823, 526, 13, 70, 0, 0, 0.19%, 0, 0, 5, 1984.08
1555945828, 527, 13, 70, 0, 0, 0.19%, 0, 0, 5, 1978.28
1555945833, 528, 16, 70, 0, 0, 0.19%, 0, 0, 5, 1957.76
1555945838, 529, 25, 70, 0, 0, 0.19%, 0, 0, 5, 1967.06
1555945843, 530, 42, 70, 0, 0, 0.19%, 0, 0, 5, 1994.75
1555945848, 532, 1, 70, 0, 0, 0.19%, 0, 0, 5, 2003.67
1555945854, 532, 53, 70, 0, 0, 0.19%, 0, 0, 5, 1972.46
1555945859, 534, 9, 70, 0, 0, 0.19%, 0, 0, 5, 2000.46
1555945864, 535, 11, 70, 0, 0, 0.19%, 0, 0, 5, 2008.48
1555945869, 536, 16, 70, 0, 0, 0.19%, 0, 0, 5, 2001.08
1555945874, 537, 42, 70, 0, 0, 0.19%, 0, 0, 5, 2001.63
1555945879, 538, 68, 70, 0, 0, 0.19%, 0, 0, 5, 1988.97
1555945884, 540, 13, 70, 0, 0, 0.19%, 0, 0, 5, 1992.05
1555945889, 541, 11, 70, 0, 0, 0.19%, 0, 0, 5, 2007.07
1555945895, 542, 15, 70, 0, 0, 0.19%, 0, 0, 5, 2002.37
1555945900, 543, 15, 70, 0, 0, 0.19%, 0, 0, 5, 1955.65
1555945905, 544, 13, 70, 0, 0, 0.19%, 0, 0, 5, 1957.31
1555945910, 545, 15, 70, 0, 0, 0.19%, 0, 0, 5, 1971.62
1555945915, 546, 24, 70, 0, 0, 0.19%, 0, 0, 5, 2000.09
1555945921, 548, 11, 70, 0, 0, 0.19%, 0, 0, 5, 1978.07
1555945926, 549, 13, 70, 0, 0, 0.19%, 0, 0, 5, 1999.95
1555945931, 550, 21, 70, 0, 0, 0.19%, 0, 0, 5, 2000.88
1555945936, 551, 42, 70, 0, 0, 0.19%, 0, 0, 5, 2008.89
1555945941, 553, 7, 70, 0, 0, 0.19%, 0, 0, 5, 1979.90
1555945946, 554, 13, 70, 0, 0, 0.19%, 0, 0, 5, 2002.94
1555945951, 555, 15, 70, 0, 0, 0.19%, 0, 0, 5, 2013.86
1555945957, 556, 47, 70, 0, 0, 0.19%, 0, 0, 5, 2006.62
1555945962, 557, 47, 70, 0, 0, 0.19%, 0, 0, 5, 1991.66
1555945967, 558, 54, 70, 0, 0, 0.19%, 0, 0, 5, 2002.29
1555945972, 559, 53, 70, 0, 0, 0.19%, 0, 0, 5, 1977.21
1555945977, 561, 11, 70, 0, 0, 0.19%, 0, 0, 5, 1994.36
1555945982, 562, 15, 70, 0, 0, 0.19%, 0, 0, 5, 1989.29
1555945987, 563, 33, 70, 0, 0, 0.19%, 0, 0, 5, 1999.70
1555945992, 564, 53, 70, 0, 0, 0.19%, 0, 0, 5, 2011.99
1555945997, 565, 43, 70, 0, 0, 0.19%, 0, 0, 5, 2008.22
1555946003, 567, 11, 70, 0, 0, 0.19%, 0, 0, 5, 1997.68
1555946008, 568, 12, 70, 0, 0, 0.19%, 0, 0, 5, 1996.96
1555946013, 569, 41, 70, 0, 0, 0.19%, 0, 0, 5, 1999.49
1555946018, 570, 39, 70, 0, 0, 0.19%, 0, 0, 5, 2004.82
1555946023, 571, 47, 70, 0, 0, 0.19%, 0, 0, 5, 1991.50
1555946028, 573, 11, 70, 0, 0, 0.19%, 0, 0, 5, 1999.21
1555946033, 573, 57, 70, 0, 0, 0.19%, 0, 0, 5, 2015.74
1555946039, 575, 11, 70, 0, 0, 0.19%, 0, 0, 5, 2009.08
1555946044, 576, 13, 70, 0, 0, 0.19%, 0, 0, 5, 2003.19
1555946049, 577, 13, 70, 0, 0, 0.19%, 0, 0, 5, 1989.25
1555946054, 578, 0, 70, 0, 0, 0.19%, 0, 0, 5, 2009.16
1555946059, 579, 13, 70, 0, 0, 0.19%, 0, 0, 5, 1986.00
1555946064, 580, 42, 70, 0, 0, 0.19%, 0, 0, 5, 1996.98
1555946069, 582, 12, 70, 0, 0, 0.19%, 0, 0, 5, 1998.67
1555946075, 583, 16, 70, 0, 0, 0.19%, 0, 0, 5, 1993.39
1555946080, 584, 15, 70, 0, 0, 0.19%, 0, 0, 5, 1982.08
1555946085, 585, 30, 70, 0, 0, 0.19%, 0, 0, 5, 2001.38
1555946090, 586, 32, 70, 0, 0, 0.19%, 0, 0, 5, 1945.02
1555946095, 587, 41, 70, 0, 0, 0.19%, 0, 0, 5, 1975.26
1555946100, 589, 11, 70, 0, 0, 0.19%, 0, 0, 5, 1974.59
1555946105, 590, 16, 70, 0, 0, 0.19%, 0, 0, 5, 1944.54
1555946110, 591, 15, 70, 0, 0, 0.19%, 0, 0, 5, 1984.50
1555946115, 592, 19, 70, 0, 0, 0.19%, 0, 0, 5, 1971.58
1555946120, 593, 42, 70, 0, 0, 0.19%, 0, 0, 5, 1967.23
1555946125, 594, 53, 70, 0, 0, 0.19%, 0, 0, 5, 1988.04
1555946130, 596, 9, 70, 0, 0, 0.19%, 0, 0, 5, 1997.00
1555946136, 596, 68, 70, 0, 0, 0.19%, 0, 0, 5, 2001.79
1555946141, 598, 15, 70, 0, 0, 0.19%, 0, 0, 5, 1979.12
1555946146, 599, 19, 70, 0, 0, 0.19%, 0, 0, 5, 1990.98
1555946151, 600, 16, 70, 0, 0, 0.19%, 0, 0, 5, 1951.52
1555946156, 601, 15, 70, 0, 0, 0.19%, 0, 0, 5, 1970.76
1555946161, 602, 36, 70, 0, 0, 0.19%, 0, 0, 5, 1987.53
1555946166, 603, 42, 70, 0, 0, 0.19%, 0, 0, 5, 1998.39
1555946172, 604, 49, 70, 0, 0, 0.19%, 0, 0, 5, 1997.87
1555946177, 606, 5, 70, 0, 0, 0.19%, 0, 0, 5, 1993.57
1555946182, 606, 63, 70, 0, 0, 0.19%, 0, 0, 5, 1984.33
1555946187, 608, 16, 70, 0, 0, 0.19%, 0, 0, 5, 1986.40
1555946192, 609, 41, 70, 0, 0, 0.19%, 0, 0, 5, 1988.63
1555946197, 610, 47, 70, 0, 0, 0.19%, 0, 0, 5, 1981.87
1555946202, 612, 11, 70, 0, 0, 0.19%, 0, 0, 5, 1965.36
1555946207, 613, 16, 70, 0, 0, 0.19%, 0, 0, 5, 2000.23
1555946213, 614, 41, 70, 0, 0, 0.19%, 0, 0, 5, 1998.06
1555946218, 615, 53, 70, 0, 0, 0.19%, 0, 0, 5, 2001.71
1555946223, 617, 13, 70, 0, 0, 0.19%, 0, 0, 5, 2000.80
1555946228, 618, 12, 70, 0, 0, 0.19%, 0, 0, 5, 1995.80
1555946233, 619, 10, 70, 0, 0, 0.19%, 0, 0, 5, 2002.39
1555946238, 620, 13, 70, 0, 0, 0.19%, 0, 0, 5, 1959.06
1555946243, 621, 16, 70, 0, 0, 0.19%, 0, 0, 5, 1988.49
1555946248, 622, 41, 70, 0, 0, 0.19%, 0, 0, 5, 2004.84
1555946254, 623, 25, 70, 0, 0, 0.19%, 0, 0, 5, 2010.91
1555946259, 624, 47, 70, 0, 0, 0.19%, 0, 0, 5, 1997.46
1555946264, 625, 42, 70, 0, 0, 0.19%, 0, 0, 5, 1993.63
1555946269, 626, 53, 70, 0, 0, 0.19%, 0, 0, 5, 1947.53
1555946274, 628, 11, 70, 0, 0, 0.19%, 0, 0, 5, 1988.62
1555946280, 629, 8, 70, 0, 0, 0.19%, 0, 0, 5, 1975.37
1555946285, 629, 54, 70, 0, 0, 0.19%, 0, 0, 5, 1951.32
1555946290, 631, 13, 70, 0, 0, 0.19%, 0, 0, 5, 1995.16
1555946295, 632, 41, 70, 0, 0, 0.19%, 0, 0, 5, 1964.44
1555946300, 633, 37, 70, 0, 0, 0.19%, 0, 0, 5, 1947.70
1555946305, 634, 36, 70, 0, 0, 0.19%, 0, 0, 5, 1973.56
1555946310, 635, 41, 70, 0, 0, 0.19%, 0, 0, 5, 1970.98
1555946315, 636, 42, 70, 0, 0, 0.19%, 0, 0, 5, 1991.36
1555946320, 637, 41, 70, 0, 0, 0.19%, 0, 0, 5, 1984.23
1555946326, 638, 47, 70, 0, 0, 0.19%, 0, 0, 5, 1995.16
1555946331, 640, 11, 70, 0, 0, 0.19%, 0, 0, 5, 2002.90
1555946336, 641, 15, 70, 0, 0, 0.19%, 0, 0, 5, 1977.39
1555946341, 642, 18, 70, 0, 0, 0.19%, 0, 0, 5, 1965.47
1555946346, 643, 47, 70, 0, 0, 0.19%, 0, 0, 5, 1987.59
1555946351, 644, 53, 70, 0, 0, 0.19%, 0, 0, 5, 2002.54
1555946356, 645, 54, 70, 0, 0, 0.19%, 0, 0, 5, 1964.96
1555946361, 647, 16, 70, 0, 0, 0.19%, 0, 0, 5, 1973.14
1555946366, 648, 41, 70, 0, 0, 0.19%, 0, 0, 5, 1963.26
1555946371, 649, 30, 70, 0, 0, 0.19%, 0, 0, 5, 2011.45
1555946377, 650, 42, 70, 0, 0, 0.19%, 0, 0, 5, 2002.02
1555946382, 652, 12, 70, 0, 0, 0.19%, 0, 0, 5, 2009.17
1555946387, 653, 15, 70, 0, 0, 0.19%, 0, 0, 5, 1996.52
1555946392, 653, 64, 70, 0, 0, 0.19%, 0, 0, 5, 1963.40
1555946397, 655, 13, 70, 0, 0, 0.19%, 0, 0, 5, 1930.73
1555946402, 656, 42, 70, 0, 0, 0.19%, 0, 0, 5, 1976.21
1555946408, 658, 12, 70, 0, 0, 0.19%, 0, 0, 5, 2001.29
1555946413, 659, 16, 70, 0, 0, 0.19%, 0, 0, 5, 1959.80
1555946418, 660, 20, 70, 0, 0, 0.19%, 0, 0, 5, 1996.82
1555946423, 661, 27, 70, 0, 0, 0.19%, 0, 0, 5, 1946.56
1555946428, 662, 41, 70, 0, 0, 0.19%, 0, 0, 5, 2039.39
